1888.3
-2238.1
794.16
-1329
2745
-2054.3
2743
1801.7
-469.43
1753.2
934.44
2094.8
1072.4
1458.8
932.87
1236.3
-1338.5
-2417.2
1169
2701.3
-367.53
1593.1
-1878.8
-326.48
1256.2
-1343.8
930.59
-2286
2758.5
511.61
1507.6
35.742
2345.4
283.29
-2104.2
2044.3
1885.7
2575.6
-1820.4
696.27
-890.04
511.58
2503.2
1543.2
-717.32
-2544.9
184.79
2604.1
412.94
-2928.6
-2026.9
-1132.7
-2006.1
-1422.2
1135.3
-296.75
-1626.1
-2085.7
230.05
-2530.9
-2360.1
-2972.2
1903.8
-2493.4
-1440.8
-411.52
-1908.9
-2126.8
2215.8
299.16
2118.2
-894.29
-589.15
-1560.5
-1896.6
-496.4
2416.3
-54.815
-973.68
-784.52
1681.5
-1549.9
-2421.3
2652.3
451.25
-1591.3
1927.2
-2741.9
894.69
886.48
282.05
1468.2
1120.7
-789.09
1681.4
2576.3
-79.25
-319.3
51.052
1905.8
865.91
1869.5
-895.64
2255.7
734.85
-1753.5
-174.46
2065.9
-1644.5
-1634
-1133.4
-418.76
2429.3
-366.78
-1451.6
569.38
617.06
-1669.5
-1219.9
-455
-2486.9
1806.1
2573.1
-68.346
-1576.3
2778.5
126.81
-66.614
1074.8
-795.38
-2773.6
2479.7
-2407.7
-987.86
-2180.7
-2359.4
-34.956
1290.2
2345.5
1192.5
-2816.8
0.13461
2428.3
706
1832.9
-1902.5
2319.1
-60.592
2872.1
2.8297
-2642.3
-2745.4
129.9
1908.9
1334.6
957.63
2837.8
1802
-405.65
-2499.2
-1959.7
1988.3
-2637.2
161.25
941.16
-1248.1
-2907.1
-1997
-765.54
-61.874
2709.8
-2683.9
-1385.3
287.23
-493.54
-1191.3
998.03
1188.6
-1931.2
2994.5
-2804.4
2291.2
-1857.4
-235.64
-2061.6
868.59
-1854.5
-107.87
537.04
-692.29
-1489.2
702.55
1946.3
1381.5
504.42
2437.8
1906.6
566.14
-448.44
-2031.1
-462.69
591.14
1175.7
831.18
-2587.2
185.19
-554.28
1310.2
188
-2366.2
1672.8
-2455.1
-2078.1
-359.49
-255.45
108.31
826.25
-1555.8
-1265.6
1170.8
-1471.3
1007
-933.23
1052
613.02
2495.9
-225.31
-234.5
-1065.2
-171.86
-1944.8
-159.08
-953.25
-1849.5
-1542.9
-1385.6
-1868
-2453.3
1100.2
-445.63
885.71
814.72
-1746.4
-1582.6
643.82
-247.65
1621.7
972.06
2051.6
-1461.4
493.49
2219.6
-1091.6
2639
-123.22
268.3
263.32
134.97
-1687.9
-2341.8
-572.52
-805.1
767.38
2597.1
-1847.8
1177.6
152.43
2166.8
-639.26
1447.5
-913.72
516.55
-2733.3
-1543.3
1126.8
1418
1100.5
-346.17
-1014.9
-1378.4
1930.3
2326.6
1614.7
1851.1
-735.63
1742.4
-1034.6
-368.13
1613.1
2171.9
86.541
528.16
-1800.8
1492.2
1739.8
204.38
-2329.8
1071.9
-1861.7
-2114.4
2104.3
2577.7
496.75
2274.1
-2996.9
675.4
166.08
1808.1
-11.434
447.97
1431.8
-1519.6
-2499.1
965.67
2344.5
1614.2
2569.9
-2898.1
2176.3
2069.1
313.75
-2808.1
-825.53
-62.58
-2261.5
-2120.9
-2744.1
-1308.8
1171
214.81
-2256.4
2118
-1378.2
389.88
-497.83
2687.6
-2365.7
-2001.2
442.26
2587.2
1427
2162.6
2906.4
1713.4
-1934.4
-2196.4
2634.9
-1226.8
-197.59
-2848.6
354.2
-912.72
-2674.6
976.85
2390.9
2930.5
1241.5
-1272.9
-210.96
1909.2
-1931.3
-2659.8
-984.91
-1746.3
1052.3
2472.8
1473.3
371.17
583.27
-2195.3
2369.7
-1545.1
-349.67
2383.1
-2439.8
-263.65
2972.3
-1215.9
-1210.5
32.569
786.42
-2514.8
2430.8
-2345.1
-971.41
1477.9
-2709.3
620.81
1378.3
1688.3
1155.2
-620.88
1681.1
647.2
-2371.1
297.24
2342.9
1406
-2562.7
1790.1
1102.3
1336.3
-2295
-1027.1
1494.8
1440.2
1409.7
2201.6
-801.38
1110.2
1736.2
-1763.8
1631.6
-670.37
-1626.3
-93.118
1691.6
-1235.6
185.23
-568.11
-2326.3
-1250.6
2786.5
1168.5
-404.15
-2341.5
-1875.2
1787
1613.7
-1362.4
1039.8
-289.56
-2643.6
1636.3
-2248
-2445.9
-461.34
1337.5
-2347.1
-2241
-2408.4
-1990.5
-1095.1
-1694.6
2357.5
334.43
-1727.8
2482.8
346.73
-2002.8
2927.6
-1453.2
-2556
-585.67
-586.9
-2073.8
-2033.2
2226.7
1113.2
183.78
584.94
-1204.6
-464.13
349.92
-453.99
-2250.8
-1258.9
922.14
2614.4
-1557.1
1556
1462.1
1089.4
-1727
1941.4
-2018.6
2366.3
1216.2
2720.7
1078.4
1855.2
-2278.9
-1045
-606.72
-1915.6
-2876.8
922.2
-2018.9
1767.9
-359.79
1511.7
-2614.9
1027.2
852.36
-655.43
-1095.4
1734.4
33.82
2705.4
-2639.9
787.13
2982
914.71
-676.53
-2849.2
-1895.4
-777.82
1405.4
-1938.9
-1408.1
-1657.4
-2475
-1916.3
1339
963.7
764.08
2463.4
1475.1
-700.16
452.97
-1349.6
-290.17
1826.7
-2820
-2477.5
2934.9
2636.4
1103
204.83
2394
-2172.8
-1907.2
-2358.4
2638
-536.23
2673.5
2929.8
-979.8
-1535
1081.1
-530.44
1503.1
310.76
70.92
1317.4
-872.79
-921.31
-271.83
-1693.6
-1146.5
1697.2
-2941.2
2534
-2744
1226
-1654.3
1038.2
742.3
-1937.3
1601.5
-2352.7
-2405.4
-1840.5
-2405.5
343.77
-1128.4
-966.27
60.915
773.54
-654.87
7.6975
2985.4
-86.09
-2174.7
2564.1
1281.4
-940.27
-2251.4
878.86
-610.31
2011.3
313.57
295.85
716.83
1539.1
-45.929
2836.4
2026.8
2725
-858.79
-1311
1266.8
543.65
-2714.7
-291.96
1290.3
-1311
-2173.4
-2168.4
-803.06
22.685
2262.3
-303.34
-2746.2
-1864.8
518.64
-833.87
1866.9
-2496.8
908.1
-579.05
-1389.4
-1010
-911.95
2304.9
2580.2
-2715.6
1415.8
269.44
2361.8
-1178
-1827.1
1330.5
494.6
2536.5
-1284.3
2908.7
2033.8
-176.25
-1385.5
23.327
-1153.5
-146.56
1728.7
1011.1
-2870.7
-1195.1
2885.4
1804.9
585.16
2662.4
1370.3
-2844.9
877.81
-766.12
1977.2
-764.79
2235.3
1010.8
923.1
-559.64
2602.4
-92.71
-497.72
2927.8
-666.7
-1519.9
2297
349.71
-2106.7
-297.64
2397.9
2294.9
1039.4
-2263.1
-1348.3
-1299.7
1959.5
-12.582
2006.2
448.42
-261.45
2306.4
-2888.3
-368.95
-2297.8
-1050.9
-943.72
279.32
-625.07
92.203
2705.5
-599.52
-2194
-2494.5
-1054.7
-2929.9
-2427.8
786.85
2845.3
2981.1
92.751
-419.99
-2573.8
-2612.2
1959.8
680.85
2317.4
-1855.3
2387.2
23.04
1916.5
-1787.5
-432.53
720.33
1321
101.94
-2061
1168.8
2017.6
-839.81
-681.66
1405.6
1162.5
1705.4
-2344
545.43
-2698
2005.1
2182.3
1014.3
-1692
-2266.9
597.51
-2661.9
-2882.3
1993.3
120.78
-2413.8
-2351.9
-2141.1
-2972.5
2092.3
2921.8
-1371.5
47.093
1577.3
969.58
-1973.7
542.9
2651.5
-288.33
195.74
1080.4
-1564.3
2201.3
-2324.3
-1198.9
2000.2
-658.94
-2158.5
-2479.1
-1456.3
-450.85
-29.598
-1538.6
-2555.5
-2979.6
-2992.2
-2145.1
-1950.6
593.31
2636.3
-103.97
142.68
-2589.9
-1956.9
2728.1
2769.4
-2955.9
1235.7
313.86
1634.2
-774.81
2138.3
-1091.9
2461.2
549.57
2118.4
2426.1
194.56
-1924.2
-1873.7
-576.86
-2707.6
-1351.1
-1541.1
2738.5
1912.3
-1945.1
-1867.3
-1101.5
751.53
-365.78
9.9546
1574.4
1486
-2260.7
-916.43
-2112.9
1033.6
1166.4
-2941.4
-1323.6
2438.7
-2850.9
2023
-2658.4
494.82
1316.6
1361.5
489.49
-2654.1
-1291.1
2773
-1841.8
2597.4
-1360.7
-617.35
-2213.3
-2450.9
-2934.1
1738.4
-311.88
-2631.6
853.89
2022.3
2078.2
-1326.7
-1578.4
721.56
-1964.4
-1468.4
2466.4
1351.1
456.32
-576.94
-2460
68.454
1354.1
176.16
2152.6
-1093
1513.4
-2341.5
147.82
1262.5
-1251.3
2469.9
-1467.8
2029.5
2688.7
507.85
1966.4
-344.82
1959.4
-1754.4
-2197.1
425.95
-2114.1
2448.6
-2802.4
1830.4
-704.12
-814.28
1269.9
-1027.9
2849
522.12
-1145.2
1552.6
-1880.6
-1825.2
1813.6
1373.2
1853.9
-2560.5
2461.1
-405.79
-2764.9
1582
-1896.9
107.07
2129.1
1073.6
2609.9
-1609.3
1230.5
1539.8
2774.6
2783.2
-2691.3
481.15
2407.2
-408.12
1274.5
1805.5
-129.15
-785.45
-1982.3
-1810.7
-1039
-173.39
-1924.6
-555.27
691.95
2263.1
-210.27
2390.7
-994.02
2411.9
-735.27
2724.6
240.63
-2572.6
-2442.1
-2944
856.45
-2817.7
-270.2
-2948.1
-875.3
-380.06
-2704.7
-2453.4
-1553.5
2143.3
-66.601
-1642.7
1572.7
-232.61
2504
1293.8
-400.21
-641.69
800
-1032.4
2996.9
-2237.8
-2858.2
-2335.1
2304.5
-785.98
-354.34
-2255.8
2141.4
1149.8
-1300.4
1111.7
665.21
-1839.4
-922.44
-2065.7
749.54
1830.7
2704.7
1530.9
1986.8
-256.15
2593.1
2372.5
496.48
-2790.8
-553.62
1476.9
-2136.6
-1473.1
-589.25
-682.85
-1998.7
-2432.2
1617.6
1442.2
1944.5
-1239.8
138.18
1991.1
341.99
1083.4
-261.45
231.61
1531.3
-1591.3
-2691.4
611.88
2929.7
-542.91
245.27
-1684.3
-2424.3
1491.1
-971.21
315.43
2357
278.41
736.82
1475.2
1934.4
-513.43
1688.2
1469.2
-1544.4
-1649.6
-1277.5
-2692.1
-2022.6
-1994.6
2996
-2717.5
-612.97
-1622.4
1099.1
-372.16
-2965
1806.5
2594.8
1958.7
1755.5
-1659.2
507.14
-1257.2
2172.3
2947.1
1963.3
-1506.3
-605.55
1803.1
1928.7
-872.96
433.44
1454.8
-665.23
2738.1
2098.3
733.94
2780.8
2.9933
-2459
2306.3
1690.3
718.9
-326.06
-1822.8
-100.23
1790.9
-2045.7
1213.4
2842.2
862.19
-588.7
2911.4
2601.6
-95.769
2325.8
-627.8
-585.89
2408.1
918.98
-2783.3
402.87
1476.6
139.88
2772
-2818.4
118.3
2340.2
-1621.8
-1134.5
911.98
-1347.4
2280.4
1535.5
1699.6
2871.4
-2696.1
-1046.1
-1618.2
618.94
-309.43
82.889
-2351.7
-294.7
1832.4
2233.4
-1681.9
2751.2
-288.75
-2645.4
40.767
-436.84
1510.2
2650.9
1974.3
232.48
1359.8
2265.4
-1234.2
2557.8
486.56
907.62
-2664.3
173.53
-1725.6
1215.1
-332.75
-2656
1777.1
-928.15
121.14
-2558.4
1650.2
1695.3
-2088.9
1709.1
-1633.1
1977.4
424.1
-1283.9
1777.5
-322.71
-1325.8
2422
1483.2
1137.8
-2259
-2125.6
-2559.8
1337.4
-44.168
2340.7
-1306.8
-2781.4
2838.1
-1145.1
2494.6
-1007.3
-2.1073
498.8
-2824
-2807.6
-960.08
-1523.6
2626.1
-2676.1
1088.9
-2315.8
707.1
-2584.3
1733.3
-1572.8
-2371.1
1189.2
903.18
-1041.7
-2294.6
-2881.4
2822.2
-195.54
-1258.9
348.71
-1396.8
2390.3
-559.02
-1467.4
2728.5
-1499.5
-2588.5
549.5
815.3
10.206
1775.7
605.03
94.594
2524.7
-1334.3
2503.8
2845.1
-2332.9
-621.49
-1131.1
-2448.8
-1228.9
-2366.6
-1303.6
-2996
304.87
-2746.5
-2214.2
1802.8
-2176.2
-570.25
451.1
-1713.3
2935.1
1169.2
-2791.3
1808.7
-2500.1
-799
148.44
1901.5
-2257.8
827.39
2375.7
267.13
1562.6
-702.79
1403.2
2038.5
1969.3
-2222.9
-2735.5
1402.6
-720.97
-606.04
-2059.2
-1115.6
-1517.9
-546.79
-2138.2
-2501.1
-2817.7
1200.3
1079.4
2104.1
2410.6
-851.23
-1464.2
-199.46
-412.69
-586.02
2137.5
-758.53
-1686
-399.46
-2577.3
1079.3
2150.4
644.04
-2026.1
1628.9
-473.58
514.48
1371.7
-1481.6
1549.2
-2587.2
1422.4
1662
-447.02
2134.6
141.55
1223.8
406.11
2057.7
2634
-2991.9
-2475.2
-2863.2
-953.61
2557
-971.49
-957.13
46.794
-694.12
767.43
-158.29
-2499
-317.96
2265.8
-375.49
-192.54
-200.93
-75.416
-2486.7
2330.3
2169.6
2236.9
-2161.9
2883.4
2378.5
-2915.4
-1613.4
1350
530.2
-1535
-2938.9
2747.9
-2786.5
-1518.4
1889.5
2279.2
-884.64
511.09
888.16
-2161.4
-1549.3
2144.2
2832.5
2012.4
-2700.9
2659
1838.8
1737.7
-2702.6
920.74
2837.1
407.05
-1463.3
-319.19
-2410
-2834.2
2399.6
-2278.8
1236.6
-2791
2742.7
829.46
-1701.2
1338.5
494.59
-2447.6
-53.125
-961.46
-1974.6
1185.9
997.96
-400.23
-1840.8
-1385.9
2668.7
1075.3
1652
2688
-1387.7
1633.2
1085.4
-719.1
-702.37
-166.07
2855.1
2077.8
-227.89
2947.2
2552.6
404.58
1947
878.08
-140.55
-2910.9
-170.59
-2641.9
2337.8
-373.36
2911.5
-1477.5
270.03
2022
-1777.7
2249.7
2138.1
-1692.8
-154.71
-183.64
16.478
-2206.3
617.7
2188.8
-253.48
-966.01
161.88
1670.2
-1327.3
2188
-1560.7
-123.57
2608.3
1253.5
2398.3
-984.53
1968.6
-803.03
208.99
-2589.8
-2590
-2259.7
2393.6
-2278.9
2250.2
-2748.5
-2540.4
-260.85
1195.5
772.16
974.11
-194.9
-2591.2
-1152.1
914.53
1290.6
-72.004
2615.9
-2297.1
1109.5
2820.9
1562.1
-582.29
-26.135
1462.2
-2462.3
-662.48
-1923.8
2431
2998.8
-2778.7
2985.7
2241.1
2925.2
385.57
-972.93
-2918.1
2536.1
-156.68
-1146.2
2892
2955.5
-443.75
-1840.5
1359.8
1974.5
311.77
526.92
-2686.7
651.36
-562.32
331.85
-1984.8
-491.03
-2040.8
-2892.5
2712.8
-2814.5
2176.3
2005.6
773.84
-721.66
1082.1
791.73
428.48
2098.1
1094.7
2921.6
-1498.2
-2493.5
1803.7
-2150
-897.72
524.42
2432
-2022.4
2589.7
1114.1
-1438.1
-1507.4
2464.8
1767.5
-1927
762.03
983.81
1440
602.07
2534.1
162.15
-719.14
-1535.4
1275.9
-1506.5
1603.5
1111.7
1480.1
-696.52
2264.8
-233.27
385.61
190.14
-1111.3
94.637
-1773
-2685.1
1071.4
-2450.7
59.718
-1103.6
2103.7
-777.09
2985.3
2943.1
-611.97
-2612.2
-477.6
-722.37
2916.3
-520.9
1407.4
-2556.9
2889.6
-2865.5
-2154.8
-205.08
-33.262
2385.9
-1385.7
-144.73
933.67
722.55
-1768.9
-2836.5
660.55
119.5
2173.1
288.05
1082.4
-2530.6
-2712.9
-2772
1454.2
80.184
-1440.2
2960.1
1517.1
582.27
1384.3
-2431.2
840.45
-283.07
1962
-585.82
1203.5
1559
-1335.4
-751.73
-1174.2
-1544.9
2161.1
-123.49
-62.284
2938.4
2169.9
-1008.3
866.2
2713.2
-1491.5
2492.9
-104.96
-1129.5
1522.8
-864.47
2313.1
2064.5
-1497.9
1374.2
-1702.3
559.41
2806.2
-1859.8
1270.6
-2290.2
589.17
98.594
1133.6
2241.2
-872.58
362
-1195.1
1773.8
-893.41
1252.2
-2025.1
2477.3
2110.8
-1879.4
-2674.9
1663.4
-2833.5
5.6395
-1956.7
450.81
-2078.9
-2136.3
-972.78
-2963.9
-15.55
2225.5
1008.5
302.97
576.13
2907.2
-1717
-293.26
-157.74
-1506.3
-411.4
1947.9
-716.64
1445.1
2681.5
1751.3
2095.2
1430.3
139.79
-1757.1
-2334.8
-1020.6
1902.7
126.73
-2278.4
-920.11
447.7
-1808.6
2411
-1210.3
2339.4
-1338
445.5
-2911.4
40.483
-2610.4
-1594.5
1882.7
-2678.5
1650
2473.3
-1021.3
1603.3
2700.2
-1281.3
-2153.1
1328
1392.6
-556.08
125.1
2054.3
1897.4
-185.37
1125.5
1619.6
1236.5
1517.2
2190.8
2811.3
281.86
-2357.8
682.09
399.72
460.66
2228.7
1732.9
1972.8
2856.9
-2563
1987.1
-1037.9
229.5
1924.5
-2542.4
-1590.4
-1391.3
2972.2
1223.7
1125.9
-714.91
-820.63
-787.8
20.483
-1761.4
444.75
-1426.7
2270
-354.74
379.43
1608.3
524.17
2165.9
-876.73
-1477.7
-1210.8
-832.22
1235.4
-2962.6
2409
582.5
-2249.9
1906.1
2171.9
-973.73
-1093.2
289.51
2051.1
2418.6
1470.6
1304.8
-325.27
182.94
1066.3
187.46
-2599.9
-1310
1109.2
648.97
2285.1
-2385.6
-2082.6
-2066.7
-273.45
1987.8
1276.3
1251.5
34.653
1738.9
-1594.2
716.32
-2264.3
-1293.2
-532.15
2610.7
-2686.7
1486
-42.394
2635.6
239.98
-2424.3
1917.1
-1825.8
1105.8
2942.3
-454.48
501.03
960.93
340.98
-72.536
-1717.3
-716.15
-734.93
-1552.3
137.57
-1693.2
2166
692.36
2729.1
-691.11
1780.5
-2047.1
2086.6
517.07
450.47
1856.3
-120.52
-1451.4
-1636
-1984.5
-1812.5
1942.2
1813.4
2156.3
-1777.2
-2438.3
-1708.9
-961.87
41
-632.36
639.22
-590.78
2522.9
-1286.4
-2143.4
664.13
-699.96
2323.7
-2170.7
-469.52
2754.8
2886
-2422.6
1.6353
2859.8
-594.7
-1434
2785.5
-1205
-2991.2
-573.7
2703.5
-1274.1
493.09
-2561.4
-1277.9
1348.9
-912.51
2721.4
1609.5
2513.5
1212.8
-689.39
-2779.4
870.43
107.17
-1215
2348.4
-1740.5
2327.3
2800.8
-2007.9
934.16
-1492
-1599.7
800.73
-1757.1
2318
-2046.5
-140.95
2254.3
-2416.3
-2789.9
2931.4
-739.86
1581
1355.6
-246.66
-965.46
-604.84
-1643.7
-1052.6
75.993
2427.7
-702.03
1150.3
2547.3
-103.96
-1482.5
-1822.3
262.17
-707.75
2035.1
-498.47
-1715.5
1051.1
-922.14
-1971.1
-43.999
1650.4
2069
2077.4
-700.62
-216.54
1171.8
277.88
425.35
2182.6
-1927.8
1510.7
2897.6
-1947.4
2456.5
423.6
-1940
290.83
-36.642
-1807.2
-2842.1
198
613.14
-2190.5
843.35
1052
2053.1
-2088.8
1926.1
-1020.1
1837.8
2998.6
-447.1
-598.24
-454.14
2928.4
-875.51
-1251
-2862.8
-1538.2
171.66
2843.6
-2286.1
561.36
-453.14
-2575.4
852.48
1201.4
-2490.6
-1507.2
1218
283.72
783.44
805.67
2455.1
-987.48
-360.46
1321.6
-1723.4
-1353.1
356.14
-418.19
923.52
-2033.9
30.517
-117.77
1662.9
1269.3
1375.1
103.53
-1690.8
-2503.8
-2868.4
-1924.7
-1910.4
-1717.4
1610
2456.8
-379.49
390.4
-2243.4
-2987.3
1597.8
-2166.8
-2092
1851.9
1130.4
1375.9
761.73
439.84
2436.3
-968.79
-148.59
184.67
1256.9
948.7
-1624.2
-2001.9
-1783.5
-2904.5
-2845.8
-1214.4
2174
-1865.9
2647.4
-2352.4
1479.3
-2572.3
2099.4
-2973.6
2168.1
2072.1
1477.1
54.134
1986.7
-1983.1
-672.82
-1371.3
1449
1257.8
-1955.3
845.57
2120.2
-2307
-837.19
-1712.3
928.13
1714.7
-46.121
-2211.9
2554.4
-1443.6
133.89
-125.34
626.87
-57.347
1635.9
-342.58
-2473.1
933.49
342.4
-2337.6
1866.1
2291.4
-2923.5
-1993.1
-2390
2599.4
-834.43
-2592.3
-2762.4
-2099.4
-437.63
1345.5
241.55
-2969.8
2561.2
1947.8
2982.8
2517.3
-2368.1
1583.1
-2374.5
-1685.6
-1078.1
-1440.9
-1870.4
-2809.9
401.23
-1724.7
-2127.3
-2922.9
-88.617
-2153.7
1146.4
-66.856
-2325.3
831.25
-8.2649
-440.97
-1256.5
800
2866.6
970.41
-157.09
-146.53
2757.9
1786.5
2473.2
-1240.2
24.769
-1302.1
-1012.3
1424.3
-704.91
2791.5
-2207.8
-701.88
-1279
211.24
1136.6
-1893.4
2310.2
-2291.1
-2278.6
2696.3
2939.2
-1748.9
2840.1
-2618.8
-2002.5
-2686.7
1759.8
1992.3
731.18
-844.33
-949.94
-236.72
81.125
-2416.9
538.9
667.98
454.36
-1.6442
-2105.7
1540
-1238.7
-749.45
2050.7
2760.8
-2323.8
-115.18
2386.6
1627.8
-1425.3
-2198.4
-690.34
917.49
-1199.9
2513.6
-345.02
2671.7
2294.4
-949.41
-943.18
-281.87
594.49
896.5
-40.204
2326.8
-2409.8
1584.4
-2248.1
1057.4
2180.8
-2199.2
-1784.5
1506.9
-2998.6
-1357
607.51
-1294.2
2422.6
31.755
1315.6
449.6
-464.81
-2864.2
2543.7
-799.22
-2091.8
-895.19
1704.2
-211.21
2318.3
2011
2903.5
-1499.1
1369.5
2099
-2255.1
-2082.3
63.802
-1136.4
1891.5
-309.96
1820.3
2113.1
2824.2
-2528.7
1905.4
-202.13
2790
447.2
-27.406
-1044
349.79
-2586.1
2684.6
1262.7
2990.6
-2099.5
182.75
-1129.1
2008.6
841.26
-1529.2
-1421.1
-97.686
-712.27
-476.65
-2710.9
-1564.9
1213.9
665.52
-1506.3
-1078.3
213.39
2300.6
2086.5
1842.1
1262.6
-1074.3
2239.2
2.4047
2425.7
2898.2
2043.8
271.33
806.77
204.08
1762
2284.8
69.175
394.49
-1076.9
2478.9
2680.4
66.174
271.57
-2115.5
-605.69
-1157.7
-1683.2
2702.4
-2312
-1702.6
854.7
-1526.7
-2454.8
-2953.2
-126.87
1466.7
-1425.4
-319.36
2034.9
758.79
-2261.9
-1028.8
301.43
1071
-2795.7
-2535.7
2079.6
-1984.7
-502.69
-561.16
2471.9
-923.99
2320.2
-2214.7
2432.8
-1705.4
2598.4
-735.05
1753.1
1156
2752.3
-1998.6
797.96
175.99
1084.9
-2083
-1125.1
2344.1
1834.9
299.27
2381
1970.4
-1324.6
-1703.7
-380.69
-1427.5
-842.68
2.5152
-1446.1
-1521.2
-1023.5
-2922
-653.29
-563.91
2528
2900.5
2194.2
329.87
-2237.3
2183.8
2041
-727.25
-2082.5
-1101.8
-7.9561
-2923.5
458.71
929.81
2414.2
-1844.5
-2635.8
-1200.2
-2374.7
1696.4
-1479.9
754.82
-2627.7
-296.32
2136.7
-2707.3
849.79
-1265.1
1910.6
218.55
-529.86
-940.75
-793.06
406.67
-53.318
-135.09
-533.83
1684.3
1593.9
2059.6
2872
-623.54
-1451.4
2846.3
-2112.2
1228.9
-2541.5
-2142.1
2581.5
900.24
-1478.3
-1236.2
-2440.2
1268.4
743.54
-2789.9
-1502
2285
594.86
-2068.8
-1830.6
-971.55
-2685.8
-3.1093
-1261.4
-2317.5
-404.93
1300.1
-1031.5
2016
206.55
-2053.8
2624.7
2399.9
-435.86
-1514.7
196.7
1638.7
1404.6
625.07
-2235.2
-1137.2
2661.7
-2801.2
2549.9
-1440.1
69.493
1108.8
2235.5
-2420.4
2456.4
142.1
-689.13
1577.1
791.51
2039
789.73
-1378.9
325.53
-2457.7
-2804.3
-2776.4
134.04
-700.51
-1469.9
2367.4
750.12
2367.1
-2976.8
-1589.3
845.5
1953.7
2672.2
1807.9
750.99
-2484.8
2331.4
-1591.3
-26.76
-1615.4
377.69
733.83
-1315.6
-826.77
-2187.1
-1262.2
1701.5
-2101.1
-2225.9
2318.5
1076.5
-2247.2
1962.3
-1854.7
-2913.3
-2191.8
433.65
-481.58
2554.2
269
-2689
-990.57
1934.4
-2007.2
2732.2
2163.4
1081.2
-1459.8
2520.3
-2559.7
-2490.3
-312.66
-1983
802.81
-177.77
-2315.8
957.29
2702.2
-1759.2
2275.7
1514
2051.1
-1865.1
-2826.6
578.71
2513.5
-1193.1
-1451
-2299.4
1858.7
-977.14
-186.29
1972.3
-1396
-1897.4
-532.89
-1829.7
-1916.7
-1223
2551.4
-2993.9
1080.3
132.41
2981.3
751.46
-2954
54.662
-2727.6
-2710.5
1700.5
518.78
1366.2
987.69
210.49
1022.7
-2202.8
285.86
-610.37
134.1
-2467.9
-314.65
1256.7
2593.2
2721.2
2822.7
-1558.6
-1199.8
-2539.7
-2207.9
-2627.1
-2481.1
-1957.4
-7.8216
1983.4
2629
842.34
-2361.5
-797.35
-923.16
-677.61
840.46
-1380
1442.8
-1906.8
662.1
-2330.3
587
1887.5
1387.7
-286.61
-1552.3
-2757.1
241.29
-1746.6
877.32
2901
638.13
1980.3
1564.4
2405.8
282.37
-1833.4
-146.65
-1436.7
-1211.2
-176.89
1577.8
-2872.2
1789
1014.3
2579.7
-1986.7
-137.19
2799.5
-2541.4
-807.7
-1900
-2078
-1194.3
904.49
1597.6
-1860.8
-2978.4
831.6
-1048.3
-2260.6
-2060.3
1993.5
-2542.6
-1356.4
1197.9
-1903.7
-1790.5
-1057.3
192.78
-376.34
286.17
2178.8
1493.7
-2651.3
1903.1
2835.6
-970.58
2390.5
-1459.2
1679.7
-44.929
-143.03
-56.528
1612.6
-280.44
1551
891.82
-1677.3
2428.4
1355.2
-1363.9
984.11
1974.7
-1943.1
-146.07
-2216.1
765.04
-2182.8
94.074
1850.9
11.203
-2282
2821.7
828.77
-2551.8
-2809.9
-2135
1739.1
-735.52
-1170.7
1709.9
-1434
-2022.3
-1666.7
-2557.8
1906.1
1549.5
-201.45
-464.59
-2992.1
421.17
345.02
-2045.6
1105.2
-908.25
-929.98
2564.9
-1270.6
1596.2
2411.9
-2588.8
2216.5
967.25
-1512.7
-1622.5
1599.8
-641.38
-1774.7
2488.5
1478.5
2446.8
-2280.8
1931.8
2723.5
2799.6
-374.79
-2195.7
1835.7
2665.5
-540.63
-1638.9
-1402.7
-402.57
-2197.7
41.163
1108.1
-386.02
1893.3
1735.5
331.09
-2412.1
694.35
1601.8
-2763
338.19
1134.7
354.17
2254.3
-251.6
1543.6
-855.67
-2344.7
583.81
480.04
816.04
-1442.3
1391.7
-1317.6
282.58
1728.7
1725.2
-1917.2
-2729.1
-2946.9
2428.9
-2067.2
406.4
-1054.8
317.57
-717.82
460.45
465.48
-2358.8
2823.1
1318
-245.87
-687.89
-1274.5
-296.83
1741
-2590.1
825.14
2433.2
-2075.7
2622.5
-632.06
2087.5
-738
-1910.5
-1884.7
-230.02
-1091
-1584.6
950.72
1816
-1035.6
1478.1
-2294.7
764.45
60.497
1285.8
-1688.8
-1729
2155.8
-135.82
-2609.5
724.79
-1620
-2166.1
2818.6
2960.6
-2177
375.81
249.64
-2044
-2178.3
-210.81
1205.3
1822
290.63
1707.5
426.14
1326.9
569.17
-307.19
-1179.2
-1326.6
1777
-333.97
598.9
-2812.8
2661.6
-282.09
2573.3
-766.01
-367.06
-209.58
-871.81
2375.2
1495.7
-280.59
980.04
2513.7
1140.6
-192.59
1836.6
-1857.4
-2659.1
-1971.5
-2822.9
1070.7
-1583.6
-1963.5
1806.7
1653.8
328.15
1641.7
-2171
-1863.5
-2235.7
-2230.1
-1360.6
828.9
-797.56
-1876.1
-1469.3
-2906.7
2775.3
-2952.4
-844.25
244.91
102.59
-2103.6
-2645.8
1334.2
1003.1
591.38
-381.74
-1625.9
68.311
-923.34
-518.28
-659.83
1951.9
1930.7
-2673.7
534.62
-1808.1
1681.2
-2135.2
-590.96
1243.7
-2913.7
546.41
2559.7
-747.49
-2329.9
799.66
783.32
-1101.1
776.78
1044
-1166.7
1242.2
-1105.1
-930.14
2166.4
2255
-1963.3
2757.5
2250.1
880.75
842.08
-758.17
-1991.5
764.73
-1161.6
2496
-2440.9
-1847.8
2187
-2187.5
-1088.3
-1799.6
311.46
1500.7
-691.28
-1717.9
-536.13
-2662.3
226.88
245.68
-1811.9
-2631.7
-2888.4
2842.9
-1537.9
-2172.9
2142.1
-909.79
1077.1
-234.7
-1318.4
-332.25
-607.51
68.006
-2448.4
-2421.4
1712.3
-204.55
-2201
-2000.2
-2341
2829.6
1236.5
697.77
-2776.8
-2145.2
-1343.8
133.33
-1001.8
-513.91
-2653.6
1747.9
-1142.6
-2441.2
2321.8
1107.1
-2152.5
2295.8
2009.7
-794.16
-2404.1
-2991.2
-2709.3
1739.1
199.53
375.96
-2944.6
-1498
2801.7
122.86
403.19
-2208.8
-2256.7
879.02
-2512.1
-2835.6
235.99
1240.4
-706.34
612.43
551.01
2103.9
1781.7
-1312.1
987.85
-10.381
2719.1
-691.92
497.6
-868.9
747.18
-1225.6
-1237.8
-924.62
-2037.8
51.956
-2031.6
2063.6
-1412.6
-1900.8
-1039.9
2590.6
-723.46
-2589
1341.7
-1798.6
-457.62
167.8
-2509.9
-2816.7
347.19
-2794.7
-1984.1
648.39
-2662.4
-694.29
-1047.5
-1227.5
-905.71
986.65
2666.2
-1842
-1267.8
2515.9
-1453.8
466.34
-1690.6
-396.11
151.4
-410.44
2497.3
-2191.8
2360.7
-2758.3
2366.7
-1247.7
-1794.3
568.74
734.66
-2376.2
891.54
2597.5
594.64
-2806
2053.2
2039.3
727.53
-1262.8
1209
1494.1
252.53
-1530.8
2778.8
223.93
-395.75
-746.5
1876.9
242.25
1250.5
-2124.3
-1519.8
-1589.7
2709.6
-1216.1
-1186.6
-841.54
703.1
-822.37
2203
-2534.3
-1309.8
971.15
2759.9
247.8
342.28
-103.92
1416.1
-2946.1
-303.44
1519.3
-2825.1
404.1
-1490.3
386.84
-2586.5
-1493.4
-1196.1
167.41
-547.74
2515.7
551.67
1315.8
-1434.9
2135
-1805.3
-777.15
1108.6
-2152.1
2256.9
-74.018
94.063
-1610.5
2452.2
-808.58
1010.9
-2476
-429.3
353.26
-2372.9
-2645.1
1676.9
717.41
888.03
-1606.5
2334
582.36
2490.1
-1261.4
-1227.5
-2714.8
-1759.4
-914.22
-2832
2562.4
-1005.6
-1520.1
1685.2
2591.7
-499.41
588.6
-2617.9
-2409.7
-773.02
1255.4
-1955.6
-560.04
-1784
587.64
2396.6
-2651.8
2990.6
691.23
-1064.9
-2405.9
-1044.7
467.06
-2655.9
130.33
-1550.7
1954.4
2892.4
-1593.5
-292.36
2732.6
75.38
889.92
-182.1
2467.9
-1627.4
-1358.4
765.09
-687.35
-1197.9
106.34
-1611.8
-2407.3
-2799.7
43.6
-57.326
-2458.7
918.11
2182.5
1943.8
2647.8
2742.7
387.48
1625.9
-2652.8
1877.7
-695.02
2352.9
626.33
-984.11
-1530.7
-1378.1
802.39
-1748.9
1474.3
2819.8
-1693.9
2172
-1038.1
-44.803
1668.1
-1320.2
-798.36
-2767.9
2236.1
941.1
731.72
2800.5
-697.71
2145.4
2087
-2952.5
-535.77
-2093.4
2457.6
1542.7
1211.4
508.42
1225.4
-2990.9
278.9
1167.2
2665.3
624.64
-2298.3
-2779.6
1423.4
-442.52
-1180.7
221.76
833.66
-2635.9
-502.01
2357.7
-2174.6
1587.4
1526.9
1036.4
-2958.9
2950.4
-836.5
1286.4
2921.1
-2761.2
2158.8
1524.7
515.43
20.649
-2663.4
785.43
1040.4
1174.5
963.63
-1009.6
-1521.1
1441.9
2073.5
2460.8
2611.9
526.2
-798.74
-1403.4
-2992.1
-279.01
-1106.4
2903.4
997.59
-995.74
-1359.9
1668.1
-1670.5
744.6
2006.2
-1787.3
-729.63
-2616.9
-584.03
306.45
-1155
2588.9
706.02
1983.4
-2547
374.68
-1671.3
580.57
2811
-2401.2
-2387.4
1029.4
-765.39
-662.89
-601.24
-1228.7
2310.7
-117.86
-2205.8
-2524.2
-532
2139.3
2857
2613.5
-1478.3
1161.1
1483.3
62.586
436.89
-1970.6
1513.3
764.46
-2223.4
2817.1
545.78
-1800.9
-2778.7
-1619.2
-2193.9
81.125
-1500.9
-605.65
-27.162
-2971.1
1664.8
169.89
2774.6
1782.5
-2910.6
-1027.7
-2891.9
-336.06
1087.5
-241.31
2933.7
-230.86
-681.29
361.91
-1291.2
613.55
-1140.4
-1870.8
-1280.6
214.57
-2830.9
2430.9
-2285
-354.6
2189.7
786.88
-2874
-739.71
-2795.4
-1036.5
-1958.3
2253.6
-1622.2
-821.02
-976.18
-290.64
-2825.8
-2643.2
1108.1
-2963.8
-740.33
-2552.8
-777.63
225.21
-237.72
-2970.1
-804.37
-2043.5
869.63
-1068.4
-674.02
2326.6
1052.7
2699.9
-1758.3
395.1
-2573
-2702.9
1690.5
-1409.7
647.92
-935.83
766.58
1866.6
2849
-959.39
-1177.5
129.15
1583.6
-998.72
-2097.5
322.07
-2037.5
-608.7
-1890
-2242.1
1599.9
-662.58
2321.4
-9.6663
2458.2
1654.7
-182.06
615.54
-1814.9
-2246.1
-376.09
1424.9
-2742.2
-784.15
2374.3
2987.4
1748.1
262.04
1933.4
1689.8
1729.5
-86.323
-996.92
-33.858
1965.4
1065
1091.1
-1575.9
2618.5
-1745.3
1654.9
618.45
-2475.2
-1614.7
2621.3
561.88
-450.58
2042
-1468.8
1603.8
2382.9
-973.61
-2478.6
-1875.7
1339.5
2483.9
292.35
-2431.9
2714.9
2610.1
-764.84
1699.5
2754.9
-805.62
1156.1
1802.1
-2416.9
-2741.5
957.89
-1638
1347
-2803.5
1621.8
1241.8
-1016
460.23
-1398.8
-803.39
2678
2893.3
1972.5
544.67
386.75
-11.401
90.979
2061.8
1146.1
740.64
-1938.3
2054.4
1574.4
1149.7
-2024.1
-2748.9
996.9
-931.63
2431.7
2462.8
1146.6
74.081
-983.33
1503
797
459
695.09
2029.6
-2346.9
-1217.9
170.49
1967.7
-1357.5
-2390.7
-915.62
-1228.2
-637.36
-1758.2
1915.8
84.72
617.41
-537.64
-425.51
-761.53
531.75
-525.63
-2666.7
-1556.2
-857.28
14.99
-898.37
2706.6
-2578.2
2590.2
910.18
1163.8
-2737.7
2917.3
-931.51
-1648.8
608.25
926.05
2643
-996.13
23.465
-725.26
-1304.9
2533.1
1880.6
-2254.1
-510.01
946.22
-2943.7
1583.4
1481.7
2518.3
58.603
134.71
349.44
-2619.6
-1620.5
309.83
-526.17
-2226.2
-1243
-1558.3
2349.5
2632
-1495.7
278.18
1149
-603.47
-1766.5
76.84
-1625.2
1136.5
941.53
482.82
2272.4
-1544.2
2428.6
2118.3
798.13
2520.2
119.42
-982.7
-1038.6
876.47
-2382.7
2830.7
956.7
-2881.1
-2782
-1856
1611.9
-1111.8
-2530.6
1327.7
2506.9
-2521.7
1990.6
1679.3
545.65
-637.05
-461.85
-19.412
388.9
2233.7
-970.45
2728.7
-2053.7
-1510.9
-1600
-1644.4
-1443.3
2417.7
-2206.7
2043.7
2611.4
-748.45
-2267.5
476.17
-60.575
-2135.2
1814.5
-170.38
548.89
1103.1
1493.5
-1381.6
1178.3
-1524.8
-121.29
1675.8
1624.6
2206
756.63
-1717.8
-332.73
-1276.2
-1909.8
2641.1
-2995.1
1097.4
2978.3
1855.3
522.85
314.72
523.47
-327.28
-228.6
2977
1475.6
-2782
465.28
-811.35
2347.8
-1281.8
171.44
-1201.3
-377.92
2916.7
2820.8
2388.6
-2260.1
-779.37
1774.2
644.77
-1244.4
423.16
-1402.1
361.84
-45.787
2730
-2519.6
2846.8
2745
2407.3
-100.32
-1110
557.44
-906.22
-2717
-2570.9
2842.1
1514.3
-2294.4
2360.1
2964.4
-1246.2
1458.9
-1866.6
-2726.4
1686.3
1712.1
-913.07
1916.6
-2963.6
2656.6
-686.05
1048.9
-363.44
1937.4
-2150.3
483.71
-366.8
-2176.2
-839.73
-2752
-2546.2
2675.9
-1958.8
-1230.7
-2511.7
-1953.5
-1608
-1703.2
-708.91
-2720.6
2249
-2981.6
1944.4
-1193.6
1989.5
42.524
-2091
2956.5
1960.9
2363.1
1099.7
-1574.7
-2849.6
2881
430.51
2409.2
1156.6
-2622.9
1128.1
429.37
1857
1192.7
2787.5
589.07
266.49
-2755.8
1256.1
5.3917
-428.16
-162.29
-2046.6
1542.7
2801.6
437.19
-1277.7
-2433.9
1409.4
483.8
1282.1
1310.8
-2497.8
-2437.2
2472.3
119.71
1110.9
611.27
940.54
-241.92
-469.29
-1066
-2263.9
2625.6
1517.5
-2709.4
1352.9
795.34
2039.8
-281.57
2769.6
-609.37
708.82
-2143.9
-1690.1
-2741.2
66.635
1597.6
-2610.5
-106.76
-1119.1
2454.6
1491.8
-2490.5
353.49
2635.3
-2018
-1046
1861.9
931.89
-2981.3
-1097.4
-237.31
1811.1
-2851.2
-1361.5
1131.3
-678.3
2991.6
-1625
-1554.1
-1695.9
2455.4
-312.07
565.28
-1393.9
1795.9
-181.69
-363.77
-1349.9
-2000.7
-2480.5
-2109.1
1306.3
-848.88
-2950.5
1729.8
-2402.3
956.73
200.17
778.09
-1849
-1820.6
-1585.8
-2948
121.32
141.18
-1005.7
-157.7
1019.8
-1364.7
1303.5
2002.2
2719.6
-2194.5
2590.2
-607.06
1210.1
-2828.8
2977
2936.4
-2232.1
1455.5
2243.9
703.05
-981.73
-684.68
2193.5
-1967.5
914.98
-743.4
96.743
-130.07
-1971.4
1466.8
1207.2
2111.9
943.58
1212.8
-2770.4
-1015.9
-1695.6
2883.5
2899.5
-1512.1
1277
-2311.9
-1686.6
2838.8
2677.5
-2938
-2068.8
-298.56
-1426
-2381.6
-436.95
168.07
-883.14
587.54
-2202.1
-593.77
2518.1
270.24
-1035.6
-349.9
1052.3
-1802.2
764.14
638.72
1211.7
431.21
1364.1
-2528.2
-1197.6
-1943.3
935.69
-1374.4
-1747.3
-513.84
1910.2
9.1444
1991.1
-2420.2
1751.7
409.55
583.49
1574.1
100.62
2213.7
2998
-1239.8
-2222.5
-1913.6
-1045.3
276.08
1120.6
435.59
-822.19
2563.7
1994.9
2279.1
2096.9
-1865.2
-1477.6
1864.7
2494.3
-2185.1
-2888.1
1899.9
-68.662
1643.3
1946.4
2181.9
-1853.4
290.7
1970.2
1231.8
535.39
2373
1754.3
360.85
-1492.3
-416.08
-2594.2
-1937.6
1366.9
-1575.9
-1675.6
-730.63
2614.9
630.96
-812.09
-1111.5
-1226.7
2442.5
-1757.2
-1978.7
2768.6
1039.5
-474.87
-112.28
-375.66
-2946.6
-1348.8
-2087.4
2333.1
1704.8
1387.8
-2509
1119.3
2910.3
2435.9
2338
-2227.7
-653.88
611.09
-673.97
1137.4
-2543.5
-418.72
-1689.7
-193.97
683.9
-1483.3
-1585.2
1214.5
1266.1
-362.54
2941.9
-979.09
-497.53
-2821.5
2366.5
-1744.3
1198.3
-1976.4
2331
2638
-367.17
-1592.9
1165
-1040.6
-2750.4
-1050.8
2711.3
-161.27
993.82
1829.3
-395.82
331.58
-2548.8
1045.5
202.21
-1057.1
1589.4
-1409.9
-2192.3
-276.32
-1614.7
1062.6
62.834
571.76
1658.4
-1083
964.93
-2885.5
-2316
-975.02
1762.7
648.61
818.66
1190.1
1145.4
251.31
2432.9
-2527.1
761.4
-1080.4
-1266.4
84.486
2871.7
554.06
695.14
-1320.8
1398.1
1809.7
1980.1
-465.1
1722.2
52.916
-1144.9
-980.03
-998.06
1828.7
-584.97
-513.74
818.23
1729.7
1450
-331.23
-32.791
1786.7
-1573.4
204.72
-188.55
1093.3
-22.737
-1901.9
1537.6
1027.6
-1260.9
-2735.6
-1977.2
2414.5
-2399
-189.41
1098.5
956.06
150.88
71.436
-481.04
1118.8
-1152.6
-677.8
801.28
-806.93
-226.8
-1646
-2196.2
-45.402
-1134.4
693.73
892.97
-2391.9
494.29
-272.4
-1906.2
758.85
853.64
-629.18
-2490.7
2230.1
-2432.3
1007
786.06
-1113.8
372.16
-2250.7
1081.9
1972.9
2695.4
-1693.9
-1196.2
518.69
-1881.6
-2072.4
-2101.5
1500.5
-2146.5
1852.2
997.09
1818
-2848
1265.5
2218.2
-2380.6
1432.3
1074.7
-2791.7
-2540.2
-1599.2
181.04
701.42
-1593.4
-2775.8
43.527
2170.2
1558.1
1057.6
517.14
2561
-2886.4
-2839.6
-93.196
-258.99
-445.72
2245.7
-1246.3
-1527
1647.7
1837.1
1803
-1611
-280.79
243.43
-1251.4
2604.5
558.54
-764.14
56.253
-295.27
-243.82
-2752.6
1029.1
-2912.5
405.07
808.44
2324
-2276
-316.64
893.38
-2647
-1992.1
91.386
1006.8
-1649.6
2482.6
-1508.3
890.94
2022.6
-2883.4
2525.3
327.36
-1803.3
-2239.6
-1112
2882.4
1953.9
1136.4
-1866.9
357.24
-1782.8
1846.9
286.53
-1784.9
-2999.5
418.97
2354.8
1651
-758.22
-886.44
2591.6
1432.7
1543
-2730
-2011.7
-1370.6
636.54
2925.9
1545.2
2724.1
-1700.3
-2910.8
-1918.4
1316.1
2073
2025.3
503.17
173.04
-722.74
-1445.1
-749.33
-1099.4
1920.7
2232
1652.6
-2892.2
-2905.5
2267.4
788.06
-1635.5
-1274.2
-1209.1
-998.12
271.44
-2177.1
-1134.7
81.346
2882.9
-1682.3
-881.96
-1439.9
496.81
-938.86
-1845.3
-2854.5
-1342.9
2288.1
-952.76
-2519.9
-2565.7
2815.8
-1118.5
1752.3
2179.6
-2961.7
-2892.2
1268.7
147.53
-2606
-2297.8
-2576.9
969.46
-2228.9
1478.9
-1385.8
-589.16
1620.5
-2211.2
-730.14
-954.29
-1575.1
2946.5
829.3
-851.29
1706.2
-2685.4
1798.1
2896.8
700.06
-2489.5
544.21
-1991.6
-2595.3
-1534.3
-1205.9
-2665
-1880.5
-2602.5
-2700.6
-2568.8
-1129.2
-734.25
1454.4
593.38
-653.3
-2212.4
2631.6
2277.3
1849.5
-920.77
-838.72
2332.3
-1535.8
1971.3
1547.7
12.742
2108.9
1741.3
11.429
59.23
-2664.6
701.42
657.12
2135.5
-1370.2
-2636.9
1194.4
-468.18
-2507
-2274.7
-1686.4
-2948.2
366.21
1453.5
-639.63
-1825.5
1017.8
-694.34
1645
-86.797
1724.7
-1583
-2526
-1771.7
-961.55
-941.12
674.84
2438.7
1726.2
2832.9
1270.8
-2907.3
218.81
2122.6
-997.65
-2982.6
-88.667
1098.7
423.01
2570.8
757.81
98.36
-1367.9
2467.2
1960.7
-373.49
1225.9
657.58
-1551.4
2078.9
302.5
527.69
1482.1
2499
-2393.7
2445
1738.9
1607.7
1638.6
-1938.7
2001.8
-2348.1
-2309.2
2835.1
594.14
-1531.3
-595.26
922.79
-2284
109.51
-1049.9
2177.4
232.08
2779.5
-1405.7
343.79
-1525.4
-1432.2
-14.54
406.75
1842
-2040.1
-1121.2
-727.57
-2657.9
1001.7
-2112.7
434.82
1269.2
-1468.9
-1908.7
-2759.7
2802.6
-2268.7
872.11
2384
1557.1
-109.66
-2455.7
1669.7
1962.2
1397.5
2030.6
2767
2603
-2598.4
896.72
578.64
-1694.2
-2079.4
2260.9
826.62
2023.2
-2246.5
961.91
-2353.2
729.6
636.79
460.45
111.41
2897.2
2376.9
988.42
-384.5
-1692.7
2652.4
-2361.3
-2017.7
-2581.5
-2449.9
-2663.5
454.92
-1550.6
-2239.6
-325.92
1090.2
-2161.1
-1482.8
184.34
1616
1306.9
-352.95
472.67
1288.8
1157.5
-2233.4
-14.949
141.22
2129.4
-1784.5
-1691.7
-936.22
426.51
-2482.9
777.01
1457.8
1790.7
1427.6
2287.9
-1875.1
-1075.5
-828.69
2633
-1532.4
2557.3
-2541.1
-2215.5
-358.98
-2237.9
-2207.2
-353.56
2664.6
-328.25
-182.41
-1987.1
1252.4
-517.92
-136.92
-18.559
1221.9
-2972.4
-522.18
261.21
312.63
-2970.4
1650.4
-2144.2
2428.5
-2904.6
-1843.4
-2839.7
1585.7
1936.3
-2276.6
-2832.5
-2958
-2097.4
-486.7
-1338.1
510.84
-2528.4
-1991
2048.2
-1853
2676.1
752.43
-1549.5
-2064
-2436.1
919.32
2203.4
1565.6
713.25
-216.9
-2957.1
-2451.3
2653.5
-2176.3
-2769.1
-1891.4
2139.3
-35.772
-1352.1
2943.2
-1021.2
-1704.5
-809.67
-2009.9
2674.7
-2889.8
-2267.5
-1378.9
2371.2
2452.9
2755.7
-1289.2
2823.4
-1356.2
-2068.8
-396.66
-448.52
-319.17
-2794.4
2876.7
2474.3
-1256.9
1674.9
2294
-201.73
-268.74
-2426.5
-2219.9
-1442
-1634.3
-2621.9
745.45
-2176.9
2739.7
-1576.8
-2974.2
-1142.5
1171.7
2110.9
421.99
2153.3
-699.71
-1169.8
-768.36
859.36
-419.8
-1325.6
-1111.6
1459
-2590.4
1463.7
1324
-2022.9
2291.8
-1877.7
2301.3
2057.8
-1742.5
2059.8
1300.4
-172.41
2655.2
1838.3
-1071.6
1313.8
-60.079
-2160.5
785.66
1246.6
914.56
708.11
-87.765
2499.3
-438.01
62.558
-1347.9
-2299.2
1594.3
-1984.1
-1750.7
609.67
-186.87
1340.8
585.68
-2269
280.47
-2511
1060.9
-4.7095
-2558.4
-983.57
1510
2297.2
-742.78
-1525.4
951.62
-2054.4
-1207.7
-1628.1
2890
715.04
-46.972
582.58
-2221.4
-2105.6
172.27
1311.2
2363.9
-225.87
2558.2
2264
-2313.6
444.62
-755.77
-266.39
2577
-2760.9
2327.8
-2934.3
-686.83
61.729
2753.4
-139.77
-660.73
-1155.4
-232.23
1240.4
2648.6
1472.4
507.32
-2659.9
-2982.2
-555.05
211.88
1251.8
-1564.9
-2979.8
-52.778
-2263.3
-1114.9
-547.24
783.54
925.52
-2432.4
349.44
-2337.3
-2332.3
-2168.1
-921.35
2329.9
-2553.2
-619.65
2843.7
-2348.5
-2731.1
1809.9
1594.5
2934.2
-24.672
-1824.2
1265.3
-992.28
-928.32
789.61
2324.2
2344.6
1781.6
-437.42
-2449.8
562.63
2484.3
-2.0847
-2481.8
1509.4
-2601.1
-2673.8
441.21
-2835.8
-1568.7
781.97
-2340
2411.3
1383.9
529.25
189.56
1585.9
1335.5
879.15
2258.9
-861.1
2806.6
-2412.8
-2423.9
642.33
2343.2
2174.7
1710
-2973.3
-367.65
-689.22
514.04
-1952.2
-703.95
2616.5
-338.82
2456.4
-2302.3
-953.25
-1882.6
182.59
-1555.4
-2333.5
2338.5
-1119
2727.2
-88.083
-1881.7
-71.281
1298.7
-2461.4
453.54
272.7
475.72
-108.44
1526.3
-1251.8
-1572
1852.2
-1824.8
450.54
2700.1
2272.4
-1715.8
876.75
-2300.7
-585.75
1102.6
2915.8
2513.9
1460.9
-151.39
2302.7
1009.4
-1286.1
-776.82
-2558.8
1656.2
2333.7
1185.6
-206.13
-2501.9
2219
1079.9
-529.12
-670.37
-2839.4
-2365.2
336.73
1433
1357.6
22.587
1676.3
1569
2868.7
2215.9
-2279.1
2039.8
-1331.6
760.85
-509.09
2825.2
812.29
2229.5
-1796.4
1650.2
-783.29
-261.66
1473.6
2341.6
1689.1
-294.74
-873.18
536.65
2059
2296.7
737.1
1330
1706.6
2471.4
2993.6
350.44
2025.8
-495.72
-1111.8
1136.1
-1734.8
-449.7
1545.1
-684.72
-114.45
-2051.8
-1287.3
855.12
-1882
412.44
1225.4
-1008.6
-2851.4
1791.1
1132.8
1749
2679.2
2974.9
936.53
-1652.2
-1976.3
2741.8
-2674.1
276.06
622.56
-399.88
756.8
87.207
-1954.2
-1912.8
-2812.1
2804.7
-2701.9
2859.7
-2495.6
1399.1
-291.78
-2980.9
-2133.2
409.29
-1758.4
-1035.2
547.14
-2001.4
1611.8
-622.42
-1574
-2185.5
-2751.4
-1069.4
-1756
-331.95
-2895.1
244.74
83.103
-51.81
32.221
2663.1
-373.64
2601.4
1553.5
1825.4
-1050.1
-141.17
-119.43
-1943.9
2266
-62.48
1306.1
498.32
-2620
2639.2
-2099.3
502.69
1032.9
-1682.9
-681.74
-919.66
350.64
491.64
971.61
-1859.8
210.37
873.98
-2686.9
-1821.8
-2114
329.03
-2022.8
-2018
1310.4
60.716
2298.4
-1258.5
-2138.8
-1889.5
2386.1
2067.8
-429.76
1176.3
-1692.7
119.03
2285.2
2638.2
369.09
-1998.1
-1038.6
1961.9
728.1
1970.8
2730.6
1022.6
1917.3
-1019.6
-2278.9
2029.4
-300.32
-2797.3
171.34
2263.3
-879.75
-335.3
-1039.8
-32.662
987.85
-1451.8
-536.6
2223.9
-2298.1
1533.4
-2796.8
-2221.3
2640.9
2902.5
1214.9
-2615.4
257.92
1717.7
2682.1
2273
1881.3
-1612.5
1058.2
1114.7
177.76
21.325
-2258.3
-1949.7
-244.01
-815.76
1380.4
2272.8
2806.6
1663.6
-1640.6
1969.6
1362.6
-1220.8
298.18
842.4
-2033
-785.67
-1582.2
2455.8
-2189.1
-2677
1933.7
-2116.8
1679.2
295.05
2929.7
-892.06
1486.9
1170.9
2706.8
-255.45
349.44
-664.2
2359.6
1365.3
2424.8
-2800
-2944.3
-2875.9
-1855
1621.4
-443.7
1081.7
2230.8
2061.5
-68.757
-258.11
-2339.5
-1415.6
-387.65
-2674.7
-1534.9
953.1
-2224.7
1411.4
2006.2
-1460.6
939.32
1254.8
143.98
-2392.2
1263.9
-1770.5
1194.9
1828.7
-1552.2
2209.4
540.5
2667.2
-604.03
1046.4
-1989.3
-1040.2
-598.96
-2015.6
859.9
-728.72
2156.9
450.06
1522
1805.5
210.64
2731.1
1914.8
1508.9
-501.3
-600.23
-1793.7
834.98
-480.7
2306.7
-1769.3
-2853.2
178.91
613.29
863.2
-1684.5
-2707.1
-2804.4
568
1776.5
-1953.5
2646.3
-1710.6
-718.82
-1635.9
2213.9
364.72
-2238.8
1960.9
-1091.5
-1220.9
-1845.6
945.99
-877.56
-1537.6
-658.63
-768.1
-926.07
1503.2
-596.04
-340.5
-2563.7
639.16
-560.14
-138.72
-2902.3
-1738.1
-2073.7
15.974
1358.9
643.29
157.29
-1357.9
-911.09
-2440.1
-1183.4
1360.5
-2688.4
-2913.1
-2842.3
-1539.7
1295
-2531.6
996.3
-482.69
1899.7
55.07
58.98
2171.6
1384.5
-215.74
-2077.1
2257.5
-557.54
2552.6
-1881.7
-2698.9
1376.2
-971.61
-294.82
-1054.5
1980.5
-998.78
-1273
-1440.6
118.96
-2664.9
-360.44
1072.6
1643.7
1521.5
516.19
-645.07
-1515.4
-2884
-2149.2
-2081.6
1435.2
1923.8
-2358.4
2727.5
739.52
-1335.8
-898.23
-2963.1
-971.62
888.6
2358.4
-2562.7
2889.4
1117
-2149.1
-2881.4
-1570.2
2079.6
2401.7
2019.1
1456.5
-1264.9
2451.8
1178.1
1944.9
-2402.1
-2377.1
2417.6
-1310.5
-24.77
1427.6
602.45
-2330.8
2222.2
-1542.2
272.64
-537.31
-66.159
-732.91
-2432.4
-1754.2
961.68
-1961.6
2972
-2516.6
-53.067
-79.209
-836.06
1466.1
2444.1
-1912
-2394.9
-1264.7
-1832.4
-1242.4
-1561.7
-1167.2
333.05
-336.77
-380.48
-1520.9
-1662.7
-1652.9
-489.35
2466.2
578.01
459.82
-220.14
-2373.2
2950.2
-429.13
532.47
845.22
2628.2
833.54
2165.7
1272.7
-819.06
1125.6
2874
-1262.9
2978.7
1769.5
1868.7
1983.7
79.609
-1511.1
-706.74
1025.2
2620.9
-2518.9
-1914.9
122.32
889.51
-2428.3
720.67
-609.8
234.08
-345.28
-1504.6
177.06
-509.13
-1169.1
-1267.3
-850.9
233.56
-1613.1
867.87
-2389.7
-2943.7
-111.95
2451.3
264.83
-2525.7
-78.61
686.43
641.24
-605.85
2251.3
1725.8
149.85
-2345.5
-2514.9
1275.8
1859.7
2388.4
-512.36
-64.387
823.94
-141.74
548.9
1010.6
1645.5
-1985.3
-1462.9
754.66
-1422.1
-615.48
-1836.9
2247.2
-1451.3
2325.2
-312.29
322.89
2158.2
-1991.4
-1065.4
1947.2
-2853.6
-48.781
-2749.7
468.2
-386
-1201.7
-2788.2
2977.6
-2083.3
-2811.7
-1494.9
2389.9
1039.8
2693.6
-637.58
-378.63
-1141.1
2604.3
594.5
-575.89
-1237
2187.1
-2443.1
-1548.2
2206.4
-931.71
569.19
-998.67
-1406.1
-661
-1349.9
2643.7
1027
1505.2
1366
2951.1
-2123.8
-2827.3
2752.5
1420.5
-867.54
-240.33
1892.7
-229.89
571.36
-2883
-1660.3
207.19
1304.1
-2677.6
2762.3
2696.4
-1832.1
-1950.8
-1115.3
-606.23
-1116.5
2667.9
-1322.8
1970.6
343.43
1016.2
-2607.2
-1451.7
-1163.6
-2220.4
2360.4
-611.03
879.44
1390.2
-2724.3
-2945.9
1685.4
-2860.2
2933.8
1940
-232.48
1687.6
-1217.4
-105.38
1192.9
-2958.8
-236.24
1900.6
-810.74
-1494.4
1362.9
2390
2681.3
2758.7
132.6
2388.2
-254.16
2632.8
2582.4
2003.3
-782.16
1939
2769.7
-1478.9
2487
-1065
-555.27
551.76
319.85
2382
1654.9
343.33
285.94
-99.522
-119.9
-1731.5
-2413
2134.5
1457.1
125.25
2061.7
-1367.4
1148.1
-2949.2
-365.29
1980
-2147.6
1357.2
-1735.2
2959.1
1966.5
1907.1
902.27
879.38
2629.2
1169.2
-938.73
119.02
1363
-1981.4
-828.89
2593.2
-1760.8
430.56
1191.7
-636.89
-2226
293.66
2956.5
432.61
2859.4
2478.1
2011.4
-844.32
774.75
-755.73
-1498.4
2996.7
-1534.8
1410.6
-369.96
-1914
1914.4
1530.3
1354.1
54.44
-2084.5
-977.31
1545.9
2409.1
-728.7
2836.1
2293.7
-1071
252.67
1847.8
2826
1618.9
-1768.8
2192.8
685.16
1480.2
1754.3
585.07
-815.88
2109.7
741.73
2885.4
1792.9
-105.81
1817.6
2095.6
-94.056
-2673.8
1229.8
2808.7
940.82
2262.3
-171.13
-1831.8
2408.5
2750.3
-2927.9
2119.7
2020.3
1835.8
2989.6
323.74
812.94
403.31
2437.5
2993.9
-1763.3
-1119.4
2331.6
2639.4
1894.6
-837.57
-1270.1
-264.82
-2988.5
967.37
1082.9
-2776.1
426.83
2373.4
-2588.7
1735.1
-377.8
-1412.6
1899.8
459.23
-232.84
-1356.2
-557.66
632.61
2825.4
599.89
-2079.2
1202.1
812.81
-1702.3
-1109.6
1921.5
-2467.8
-655.34
-1561
-800.81
-589.89
-1394.5
-1557.7
2541.3
-1660.3
-1518
-430.49
703.12
1848.5
-2108.4
-1568.4
-1065.6
-1035.5
1027
-1794
-1347.5
581.96
2320.1
-2489.6
-2919.6
1247.2
-1716.2
-93.666
-1929.2
2282.9
-867.56
1967.3
1745
-1221.4
2480.7
13.305
-2327.3
177.3
-2022.8
-2766.8
-2830.8
-115.83
542.95
2519.7
387.18
-771.84
1123.5
1592.6
-1520.6
-798.37
-2247.8
-2901.9
1261.8
2461.2
777.22
-2627.2
1452.9
1374.6
1770
-479.14
-119.27
2114.3
-2227.6
-2519.5
-2212.8
-109.31
1789.1
1013.1
-1003.9
2842.2
1739.6
-1075.3
-2958.6
2520.1
1989.2
1074.9
1162
-285.67
-2988.5
-400.51
-348.24
709.54
2613.8
1475.9
-400.28
915.96
-1900.2
-528.27
1504
-409.89
660.89
-2513.6
-2560.6
-921.75
-109.46
-1038.7
-777.53
-109.21
1148.4
73.695
-207.35
776.91
246.94
-477.23
-1246.9
2596.2
2351.1
-598.91
577.56
523.26
1569.6
-893.46
-1354.5
-993.93
-1598.5
-31.637
-584.27
1323.3
397.83
915.01
-1193.4
800.61
2365.5
1290.3
-810.76
2431.1
2699
-2973.2
1173.4
-973.7
-2536.1
943.14
-587.35
-836.79
-2819.3
1204.3
60.999
1478.2
-979.65
2131.6
49.447
1102.8
11.741
-344.34
-2732
-1917.7
-1768.6
-403.55
-2394.9
-1565.8
349.57
-472.36
-716.02
-1920.5
-2905.9
29.731
1566.6
-1838.3
-447.75
2863.9
-2737.2
-1329.7
-340.07
-720.35
2510.2
2823.7
878.48
374.07
-636.44
-861.13
-2307.8
1901.5
-8.7828
453.1
-868.34
-935.91
-1571.5
-1359.6
186.68
2625.7
2873.1
-2564.2
-840.68
1548.9
778.44
1530.7
2100.7
-2207.2
703.39
2047.6
-2422.8
-623.91
2421.9
983.37
-1661.9
-268.6
263.94
-1283.7
2619.3
2814.5
-2322.8
-1854.7
2657.1
-1221.4
-349.71
-2822.9
434.77
-2540.4
-1839
2544.8
2851.8
1521.8
2168.3
-2386.8
2780.9
1518.6
-1520.3
-227.32
-2030.3
996.69
-1322.1
2584.2
1735.5
2301.7
2844.8
1335.4
-1766.3
-2520.3
1935.9
-2183.2
1982.6
-2163.2
1070.2
2868.3
2201.5
-2180.2
1432.9
-716.9
-1232.8
-219.15
-689.54
-1998
1526
614.32
-267.17
-2654.8
-1261.2
84.116
-731.4
208.64
-2383.4
1209.6
-2991.6
-1079.1
-1912.5
562.35
-1965.2
-2662.7
49.512
-2123.7
-468.31
1045.2
1680.5
1129.5
-2405.8
228.67
-1302.9
-1967.7
1058.1
310.02
770.53
126.09
2964.6
-915.62
2636.5
-112.78
570.93
2757.3
2772
1236.5
2639.3
-2068.6
-215.16
139.83
234.79
-875.77
-896.06
2014.1
-2943
2020.5
1688.1
-2076.5
-1300.6
1406.3
-1907.5
-1363.4
1837.1
-1280.5
-1524.7
-2569.5
2916
451.25
1480.6
1063.9
491.21
1885.4
-1713.9
1904
1092.9
-1322
-2824.1
173.82
-1874.4
2858.1
742.26
-245.51
-994.38
-657.59
-82.368
-2176.4
2580.3
-90.283
-261.59
-2794.2
-2739.7
-685.51
2989
-2911.5
-88.263
1938.5
2990.1
2219.8
-532.58
-790.47
-2452.7
1387.8
-972.02
2912.7
-2460.4
812.18
-2152
2922.6
2600
-1745.2
-867.46
2452.7
-651.7
-1256
-1219.2
2507.1
-1594.3
1743.5
-1688.5
1637
718.05
68.882
-2991.9
-1969
-2098.1
-2895.7
-2723.5
-2018.6
1909.9
-1603
-888.39
-2314.5
1055.6
-857.22
1072.2
-362.28
421.34
1587.6
1163.1
424.2
-606.65
2612
190.7
1008.7
-1962.1
2549.6
832.73
-102.35
-209.9
-2321.3
-325.61
802.88
-2622.7
2698.6
-1993
2002.9
107.5
1447.2
1468.3
2784.7
2511.8
-2648.2
-1922.9
1628
-1010.8
2127
-479.38
-1906.2
-1767.5
2655.8
1974.4
-1989.5
2236.8
-1927
2754.8
2573.6
-1661.5
-1438.9
-2506.7
-2824.9
-1005
-1181.4
966.2
-2183
-1169
763.52
2881.1
2011.2
-2849.2
1716.5
-1267.6
937.37
867.4
-1951.3
225.25
1494.7
-2982.7
2501.5
-2317.3
-2283.7
-832.12
-2647.3
-1412.9
2686.1
2436.9
975.24
-2435.2
-525.36
-48.99
2262.3
-1332.2
872.49
2294
-437.99
2538.6
-2.0984
2548.5
-753.84
1982.9
-1313.8
713.8
-1449.4
-707.67
-2212.3
937.16
-1.0927
-1981.4
-1645.1
407.08
1672.7
-2336
-2567.9
-1276.2
-2598.1
-1555.7
-2928.1
-1743.7
2434.8
-2417.4
1005.1
-937.25
-1598.6
-856.2
1063.7
-2939.9
-1560.3
1577.9
1115.7
542.39
1688.1
-2435.2
-1455
-1015.2
1817.1
2259.8
1007.5
-986.63
-888.4
-1427.1
-2099.6
566.34
-2624.2
1645.6
-2277
-2028.9
1086.9
-2653
-2911.3
-2574.8
-1152.8
-638.94
-362.4
1668.3
-2474.1
-1243
-418.58
1243.5
-2852.5
589.59
-993.52
-2405.2
1329.8
2652.3
1802.1
-1325.2
1725.3
1654.1
-933.48
-729.37
-2871.2
-1557.5
-910.68
-2254.1
-68.283
1409.5
1842.8
1590.6
1316
693.74
-2696.4
-2842.7
151.28
538.91
-1083.5
-38.119
1873.6
-709.3
-488.23
510
-542.62
-1106.3
2949.2
-994.46
2534.4
2935
379.9
-1707
-1683
-1334.3
1889.6
-2870.4
-693.61
2815.5
-2012.3
49.43
-797.93
2968.5
1176
-2084.8
-2721.7
446.67
-1684.2
1098.5
-593.29
-1573.8
2527.5
-1548.5
-1788.9
1126
1505.6
-1649.3
-487.87
-2366.7
727.15
-1813.4
-824.37
2361.2
1021.9
-173.12
-24.411
1105
-650.15
1393.5
487.38
-754.52
-563.14
451.44
-350.16
416.75
73.641
-1681
-368.7
-1085.8
-817.33
1881.1
-2866.4
-1211.6
-2181.6
2166.5
-2888.8
1281.9
2360.7
2623.7
1918.4
96.962
1524.8
618.31
859.4
-53.153
2264.6
1958.9
-2426.7
2137.3
1653.3
1350.4
1607.9
-2740.2
1309.9
-1675.3
-208.43
40.378
-2000.9
-992.6
1913.3
2813.8
-1599.1
1042.6
-1801.8
-983.07
-1029.7
1631.5
522.41
-1842.6
-879.65
-2196.7
-1857.9
-966.32
2030.4
2192.9
-2610.6
210.72
-1465.7
1939.2
-151.74
-248.28
213.31
-2853.4
2258.9
-1288.8
-2999.2
180.65
1041.5
1536.9
2784.1
590.93
2224.9
-221.74
-201.66
-2233.1
2378.9
-1944.9
-2647.6
-2840
378.3
1527.1
2639
108.53
427.01
2521
648.69
700.2
1065.6
-1640.4
1610.6
-2589.7
-2927.9
1993.2
2943
-68.333
-1726.5
-1057.3
-2040.8
-2677.8
-2269.6
558.59
-407.98
47.312
954.67
-2117
187.57
2402.8
-2662.2
2335.6
1000.3
-318.73
2168.5
-127.36
2956.8
-1681
1134.1
-2945.9
-1761.7
1254.8
-448.77
-1065.7
-1736.1
-1750.1
-1483.8
-109.46
-872.01
1498.5
704.33
-1185
2066.1
2453
683.16
48.792
-2687.1
-1687.6
1148.7
-842.26
-1186.5
1776.6
1747
1437.2
2698.9
-2882.5
2470.8
-2572.3
-2433.9
2493.2
-2688.2
1147.1
2375.4
-1607.9
2098.2
973.29
2017
903.78
-2335.8
-2901.7
2434
865.24
723.44
874.51
713.55
1015.2
-252.68
138.63
1340.2
544.38
46.046
-1254.3
-2148.8
558.62
-176.41
1543.1
717.84
-473.48
-67.319
1997.5
-2383.6
1924.8
896.15
1264
2751.6
360.68
-101.29
-1149.2
-938.89
97.216
459.57
-1509.1
2337.1
-1058.1
683.19
608.08
662.68
-1952.1
-2085.9
-2921.5
-1090.9
-2826.2
-1333.1
1682.7
-2656.1
184.89
687.78
1689.5
-1042.7
873.48
972.6
2895.4
-523.93
-88.447
-2932.7
1449.4
-616.07
-2528.2
-90.09
2034.1
-586.95
-989.41
1172.6
-74.852
-2972.2
1677.8
1754.7
1124.2
1836.8
419.49
-2903.4
688.68
-469.36
-175.82
2931.8
-2296.4
-948.15
-734.84
188.6
-1509.9
-405.71
-1863.5
-30.633
-764.25
-1351.8
1467.1
1818.5
-942.92
-2766.2
1140.5
-2627.9
1354.2
322.8
-2706.5
1056
-1014.3
-276.33
2084.4
141.58
2419.6
-2407.9
-2743.6
-1695
-854.36
2002.7
1731.4
1059
2393.3
-2454.4
-1055
2988.5
1526
1623.9
-1135.9
-2562.7
254.92
588.03
-2024.7
2899.8
1966.2
-2577.3
1432.5
1897.5
365
304.53
1420.6
2017.9
2473
2105.4
-2901.8
559.05
-2777.8
-1605.4
1623.5
2237.6
2903.6
1144
-1324
1102.6
-2542.6
1837.4
2962.4
-401.08
-271.99
1534.2
-1781.6
1252
-1056.2
-1686.3
-228.01
-2558.8
-1354.8
-2834.9
-458.33
-1163.3
-416.91
-2265.2
-1627.3
-2441.8
1101
128.44
825.01
-453.35
2615.9
1569.8
2439.9
2687.7
-1168.1
-470.79
2115.2
-2676.9
2994.4
-716.11
537.67
-740.55
1202.2
1452.7
-780.24
-1796.3
-1244.4
-131.32
2017.4
2748.5
2188.8
-2683.4
1033.2
2874.8
2699.5
-2994.6
2103.2
-2410
-597.5
2283.6
2363.6
-1450.2
-2457.3
-1204.1
854.34
-1300
380.97
2136.3
2101.9
1529.6
1245.9
2967.6
228.91
-730.46
92.511
-2075
871.04
-1905.9
166.31
-1287.1
645.63
-2619.1
2398.5
197.01
930.58
343.9
85.93
-1391.5
536.38
2623.6
2471.4
1432.1
-2161.8
-452.76
-2352.4
422.12
869.94
1169.4
801.71
1358.5
1572.8
-319.26
-1157.2
991.62
-1085.9
32.42
-1169.5
2223.7
1961.3
783.62
335.97
761.41
-58.496
-1537
-2390.6
-1952.8
-2337.7
1313.9
2563.1
-1005
153.66
-1990.7
-1975.4
-2348.3
-2089.1
591.41
1785.2
-2426.5
616.87
-1396.3
699.68
1184.6
-2278.9
-60.794
-1668.8
-1451.1
2229.1
-2782
-2605.9
773.4
-1032.6
-2902.5
2151
-1135.5
671.21
2304.7
2749.2
2331.3
511.33
1370.6
-2288.2
-2971.9
1148.5
1522.4
-1297.7
-2638.7
2537.3
-787.14
-2930.6
1160.5
2146.4
1230
123.77
-2031.5
1026.4
646.8
-2016.8
1588.1
2033.2
-1029.2
2026.9
-2883.1
232.76
2519.6
-68.223
99.514
-2943.3
998.91
-1646.5
634.37
-2584.9
1680
-2576.3
117.96
-2874.9
-608.89
-2561.5
-2695.7
4.6494
1429.5
-1571.8
2760.6
-728.44
2607.4
1381.2
441.42
-2032
2412
-829.25
952.11
-2141.7
-915.35
-1702.6
-2692.9
1269.5
608.88
1892.5
-741.66
921.55
-1597.9
2658.1
-2598.2
-459.56
-220.34
15.356
1262.1
-2057.4
2555
1339
2160.8
1460.8
898.2
2518.6
-2471.7
1029.6
2848.9
-49.254
-569.9
782.02
778.26
1776.6
1680.5
-475.97
-2530.1
-373.86
-1357.3
1427.4
1634.9
325.9
-1522.9
1840.7
-62.194
-300.14
1060
2884.3
-1753.9
-2624.9
-995.24
2075.6
599.18
-1476.5
-1026.5
-2251.7
2955.6
-2628.5
313.63
-1089.6
772.01
1163.3
2441.8
177.73
2749.3
-456.63
-333.02
1243.4
-1945.4
-1298.5
308.5
1727
1175.9
1611.3
-1066
-695.01
379.93
-2024.2
-2877.6
-2980.4
-1865.3
602.1
399.29
-971.96
-2109.8
1723.1
-2887
2991.5
-1691.5
-2273.6
1727.8
-2498
835.6
2191.6
-1343.9
999.4
-335.17
395.54
317
-109.37
1818.5
-2528.3
-206.94
1194.2
-1762.1
-586.56
2850.4
-1151.6
361.36
2053.7
218.23
-779.09
799.22
392.2
-2676.1
-656.94
-1008.5
642.93
-2138.9
916.34
-2660.3
-234.82
1970.5
-705.57
2954.3
2609.4
892.23
-2832.8
1387.8
-2628.2
1533.9
-693.79
-1881.8
-611.66
248.24
290.7
1565.7
-191.4
-2488
1661.4
1201.2
78.887
-859.73
-2132.1
-834.12
260.46
2521.8
-2324.9
-2065.9
777.83
984.71
-1284.3
1987.3
592.7
949.27
-1292.8
2840.9
2124
2026.5
-1445.2
2082.8
1662.9
2107
-2854.5
-202.08
2907
2860.2
-1335.8
-981.07
-1288.8
1024.1
-1902
-2665.5
539.65
-2864.3
40.637
1572.2
1771.1
-933.61
367.4
-2292
-256.47
-2359.6
344.33
2471.6
-765.83
945.56
2198.6
-276.69
-2595.4
1811.2
2114.5
-1917.1
-2221.3
1389.2
-2108.6
-2007.9
-2528.7
1895
2684.1
468.99
-646.43
-937.87
1186
-112.34
-585.1
367.01
2755.8
2016.1
2215
1571.5
-2523.2
-2441.8
-1128.2
2973.6
2687.4
-2709.1
1132.4
-1711.6
-2665.5
-1855.6
2625.9
-1458.1
1401.1
-2930.2
-2597.6
2255.6
1156.8
-751.39
1174.5
2120.2
905.81
2668.1
1950.1
1762
-2216.3
1899.9
263.95
2690.4
-2583
-1824.9
2854.3
1664.1
-155.38
-2638.9
-2574.8
-636.96
-895.61
1353.4
846.36
1062.5
1872.8
-2830
-2139.1
-2989.5
-469.95
2737.8
-52.08
457.68
2873.2
2077.5
-462.75
612.79
1095.8
1059
-910.24
-2357.4
-366.42
-1158
-1138
950.52
870.62
1695.6
-692.91
-2763.1
-1953.7
-1853.8
2293.1
1081.2
1928.5
-659.4
2011.5
2595.5
-910.28
750.9
-1677
-1683.7
1081.3
-2815.3
-2320.8
486.09
2061
-95.418
-468.25
938.46
-625.44
1675.6
1015.9
-1081.3
-1615.2
-1143.2
2174.6
2276.7
757.17
-1192.8
-2353.9
2250.8
-2669.6
-2652.2
-749.29
-2008.9
-2231.7
840.93
-2305.7
1944.9
-642.66
1426.9
2843.1
737.49
-731.75
1732.6
-471.54
2445.1
1502
2967.1
1252.9
-2524
308.88
-2670.7
495.06
-1888.4
442.18
-2755.3
-1926.3
1410.5
-2816.4
2084.4
-778.09
-1980.3
540.78
-298.44
-265.21
-2564.7
1851.7
216.43
205.3
517.4
-340.94
2577
160.22
-2672.1
1756.7
-2674.8
-855.13
-1866.9
1163.7
277.05
2505.8
2462.8
-928.24
2341.6
1697.4
-2059.8
790.42
-1556.6
1792.4
-1189.5
-1648.8
390.22
-2016.6
249.24
-2268.5
-545.12
1684.6
490.83
177.83
-1822.7
-374.02
2493.5
-1313.9
-1677.3
-2901.5
-2985.5
334.41
-618.54
435.21
139.93
-2597.8
1585.9
686.78
699.77
1746.5
1427.3
-2967.1
1864.7
-2665.9
2601.7
1120.6
1078
366.02
990.41
-2815.8
-197.6
561.3
1955.6
-1395.9
-2445.2
1304.8
-743.31
103.72
2227.5
345.27
-1674.8
-1254.6
1193.4
886.26
-2015.6
-700.8
-1175
-842.79
-667.37
1516
1069.9
1357.3
-2380.7
2880.6
2458.4
-244.79
598.01
1908.3
1397.4
2832.6
-2692.6
-1111.4
-2666.2
-1565.5
2213
-1004.9
-2808.2
-1514.1
-2234.5
-728.42
2484.5
2466.3
-2791
2584.4
-2661.3
2097.1
-236.49
-700.72
133.97
1981.2
-1415.6
-2802.2
2363.2
2933.9
-196.2
945.37
-1230.7
-2514.7
1560.1
867.74
1209.6
2341.5
-2010.8
190.92
2787.4
466.03
-2630.6
-2403.6
1826.1
131.6
963.89
-2630.7
2720
-2558.7
-432.56
2539
2780.2
1260.2
2245.2
-2788.7
767.6
1429.1
2189
942.82
80.2
2841
912.06
87.759
-2591
1831.2
-2280.1
1788.4
524.88
1089.8
1199.5
-65.116
-1404.2
506.28
2944
516.59
293.55
-154.1
-581.52
248.93
1551.1
-922.15
-865.16
-2453.7
2750.1
-1751.2
-941.91
24.96
1736.1
-1678.9
-2543.7
-1141.7
-154.22
-239.74
444.37
-2545.1
1125.4
-1057.6
-1137.9
693.43
2068.3
2569.5
-1182.1
43.321
1119.5
1284.6
-1600.9
-1307.9
-2258.7
-1329.7
412.6
1939
-1397
973.83
1274
2976.5
7.5922
2385.4
-2597.5
2934
-1274.8
783.41
1079.8
-2578.6
323.57
514.76
864.24
-1431.8
796.72
-1596.6
-2863.8
-875.5
645.61
2306.2
-2531.5
-2729.1
-1111
-1395.4
-1836.9
1470.6
-1404.3
-2706.1
944.16
444.65
-543.76
2004.5
2195.4
1455.1
2750.7
-1439.8
-128.29
-1064.7
-1524.9
-1574.3
1128.5
1132.4
2139.5
-237.01
-1465.3
2787.6
-2274.7
-260.36
-1248.6
-2664.6
1659.3
2447.3
267.34
2263.6
2135
-554.31
-1569.4
-709.8
-1178.4
-2117
-490.54
1604.7
2316.8
-1855.9
2740.9
1203.5
2198.5
-1617.3
-1536.3
1696.7
-1532.2
2446.9
2828.8
2141.5
1561.6
-695.5
-267.17
-1238.5
2547.3
930.3
-1839.1
1810.9
1481.7
-1221.4
2355.1
1891.1
1887.4
2090.9
-2093
-1788.2
2203
1372.6
77.833
-1893.3
954.72
-753.79
-2788.7
905.76
-2186.3
2156.2
-2954.4
658.38
2875.9
2689.9
-1634.6
360.49
2233.2
887.87
-1399.6
-2094.9
-980.7
1652
1417.7
-1637.7
2393.7
-2657.2
1649.1
-2845.5
-1545.8
-309.7
-2404.4
81.184
-2989.8
-929.54
-1984
-452.33
-1927.1
-2040.4
1568.6
-1513.6
-2540.3
2078
-75.484
-1720
1588.7
1936
-2383.6
2633.3
2951.4
2895.9
-1605
-2217.7
-2170.1
-621.15
-247.69
-1977.2
1726.1
-1160.4
1346.4
-1881.8
2663.8
576.87
2375
-2439
-2714.2
-146.97
-531.82
1260
-118.97
72.435
-185.69
2136.6
1321.9
-1153.9
-2537.4
205.28
1754.6
-1160.9
-240.44
-1489.9
1850
-2107.5
2350.2
-1303
-2636.9
2021.8
-909.43
-652.09
-2848.4
1985.6
-199.86
2401.6
2032.4
1643.8
-2354.4
1450.5
-920.49
-750.8
-1295
960.88
750.6
2883.1
1313.4
-2936.1
2829.6
-2623.7
-1631.2
-2406.6
1809.8
-0.42922
-2882.4
-239.38
416.85
-1550.9
-2091.6
-1798.8
1625.2
-2515.5
2863.8
1726.2
-2288.9
-508.33
-2043.3
-2099.5
1492.1
994.21
-304.2
491.64
777.18
-2502.6
158.62
-246
-1678.3
-1190.7
2379.7
991.19
-1043.4
301.27
2070.8
-1014.1
754.13
2853.9
1767.3
-202.15
-537.07
919.2
-508.95
-34.087
1066.7
-17.536
1187.2
1064.2
572.83
477.49
-436.18
2868.2
1368.3
869.79
167.43
-1740.1
-1761.5
-1200.4
2567.7
1320.2
528.17
2189.6
288.6
201.48
397.65
-1060
-757.06
-1436.4
-2431
1898.9
-1214.2
-261.77
304.03
-605.68
1297.2
1447
-1437.5
-899.39
1459.4
-1893.9
-2545.3
-1370.3
-2120.7
1371.5
-2063.9
2427.1
-2043.2
1822.3
-46.973
2175.6
2553.4
1119.5
2327.6
-2806
955.91
442.32
796.55
-2642.6
-478.6
806.82
669.05
2263
1500.5
-1775.5
2048.8
-275.73
-2849
-2049.6
-1579.4
1035.3
-2627
-2987.6
-1352.7
1284.2
91.159
-2970.3
268.41
-1366.1
-2972.2
-739.76
-1162.7
-1156.7
231.11
-763.69
915.47
2105.5
446.4
237.09
-2366.5
-720.88
-1664.6
-1638.9
-2907.2
-2888.1
-1820.4
137.23
-880.82
33.454
-824.81
2406.6
126.15
653.54
2255.6
1513.3
-2872
2160.3
-1874.4
1053.4
2613.2
-586.59
-977.61
-2172.1
-362.1
1906
847.55
-2255.4
-2593.8
177.34
-2844.2
1467.8
2708.3
2925.2
-1145.5
-2318.1
-2995.8
-784.91
1271.5
-1066.3
1028.9
1343.8
-2997
-777.7
2993.9
-1964.3
636.89
-1465.3
-1873.9
788.48
949.61
755.09
-1930.8
2304.7
517.33
2034.5
1436.8
-423.17
-620
956.83
-1929.1
-1517.3
2894.7
-2131.5
2961.2
2796.1
-1581.1
-541.35
1527.4
-301.3
1419.1
1609
682.4
1335.8
-1915.3
-836.71
-1645.3
2743.3
1822.9
2971.4
-1025.9
1540.6
419.35
-809.45
599.93
-90.201
-2770.5
2572.5
-2907.5
-2728.4
1268.2
520.77
-516.51
2030
-112.94
-110.83
1387.2
-746.26
-1543.8
2895.9
380.91
915.17
1282.6
-316.27
-1002.3
794.95
-444.48
2334.2
-2111.7
1286.8
1968.6
2455.5
772.11
2513.8
-1454.5
-2722.8
-2471.7
2272
367.94
-2549.7
-870.09
-2351.8
-1396.8
2616.5
44.611
2524.2
-2179.5
-2925.9
2271.5
-1521.4
2080.7
1678
-1895.2
-2484.5
-1195
-680.37
-2042.8
-1935.2
374.3
-842.33
-702.76
2832.2
31.719
-2373.7
-822.24
-2611.2
-1323.4
-2641.4
383.66
-987.34
-1285.3
1799.1
1424.5
-2903.6
-2823.7
2884.9
1678.1
-1292.3
1163.2
-485.23
241.75
1495.1
1227
940.12
-53.523
2776.3
-1748.3
1845.6
-56.381
-809.88
2141.4
2709
-2960.8
2225.4
-344.76
2638
2633.4
-2869.2
-1275
2161.3
-256.57
-913.33
-2694.4
468.8
1627
-465.53
1533.5
303.68
-1464.3
-1106.7
1490.7
-321.25
1368.1
-2245.2
-1149.7
-1791.3
-2999.1
1816.5
-1423.6
1281.9
480.48
2615.4
2277.7
2677.5
-2250
-680.01
2534.6
1948.9
-641.35
205.02
-1286.4
-1909.4
1283.8
-21.104
2059.9
2617.1
-1157.3
2690.8
379.17
2917.3
2473.3
-1181.8
-1342.7
-1230.9
1433.5
-579.24
-2865.6
2592
799.7
-1710.8
-2031.2
-2195.2
-1386.9
1464.5
-1671.8
-383.44
-1830.6
2579.3
1777.9
-1633.3
-34.278
-1966.6
-705.99
-840.65
1899.8
1997.8
-471.3
-418.1
987.96
551.54
288.32
353.28
-236.31
2317.1
2822.1
-2906.7
-265.42
-2466.6
1306.2
1464.8
667.76
-737.99
1124.3
326.8
-495.23
309.06
-1107.6
-1695.8
-2484.8
1813.1
-1819.2
-2841.1
-1880.3
298.26
2259.3
-103.19
718.85
1203.3
-2018.9
850.75
2923.3
-1429.7
-2313.8
1712.1
1384
2036.2
-711.55
628.56
1380.7
-2269.5
1864.7
-919.71
-2827.3
2637.4
2794.8
329.66
2838.8
-2849.7
1376.3
-2703.1
-2760.8
-1738
924.3
2149.9
843.33
462.7
-1893.9
-2208.2
1412.1
-2041.9
773.45
-1225.6
-709.37
-1769.2
2070.1
1074.8
-1586.6
2520.4
2297.8
-2964.7
-2424.4
321.56
-1629.1
-2278.7
-2908.7
2997.4
2371.2
2010.3
-2643.4
-1087.7
2387.2
-1523.7
290.61
1528.8
-1407.5
2605.6
-104.84
187.49
-1228.8
45.506
2469
2398.3
-312.39
-2597.3
-409.57
2876.1
585.44
-2321.6
2657.3
-1977.3
721.14
-505.03
2430.5
-2374.4
-2919.6
-794.56
454.26
-2866.6
-248.1
-1820.9
1484.5
155.14
341.83
-1238.9
-2545.1
-605.06
-431.87
-572.82
2235.7
-458.56
-1508.6
-1741.6
2010.9
863.38
2873.9
1712.9
1683.1
-883
-2221.6
-505.48
1696.1
457.67
-2801.9
2753.7
2598.5
1534.4
1945.7
1479.1
-2709.5
-162.96
2149.1
-2100.4
-2659.3
-207.07
-893.66
-1023.6
2954.1
-834.03
-717.99
-454.35
-839.52
2117.2
-1953.9
2865
-1292.3
1812.6
-823.13
-1443.2
-2722.4
10.108
-232.11
2763.6
2612.5
-205.7
-2458
-517.76
324.2
-1400.5
-2533.8
-977.74
-2373.4
-2311.2
-514.96
2218
-1605.3
2763.7
-2074.8
-1302.6
-2992
-335.2
1220.8
-1472.3
-1532.3
-2683.5
-2760.2
-941.34
560.56
1688.3
1749.6
2471.4
1418.7
1139.9
2817.3
-2431.1
1096.4
-113.94
-2171.6
-1835.8
724.41
953.68
2109.6
-428.72
847.15
2961.6
34.937
-2350.7
2495.7
-225.99
-2520.5
-2901.4
409.42
538.83
-2847.4
-2206.8
2180.6
-2790.2
-361.04
2999
2314.9
-1010.1
-7.7894
-1652.2
-88.728
848.55
-2177.1
2895.6
-426.64
351.54
2855.5
-893.98
-1950.4
2330.8
-2443.5
691.19
1486.7
1592.7
1026.1
2654.7
-852.03
-5.5556
-2602.7
2446.7
-168.34
2253.9
-2577.7
-447.8
534.88
-2797.3
2590.9
38.013
2712.3
-248.72
1744
744.2
980.87
1338.9
2837.9
-17.877
-2554.8
-2548.2
597.59
2167.6
2621.5
-2161.7
2232.6
-1702.9
-2846.1
2600.7
1709.5
651.26
776.52
2974.8
-2851.2
-2112
1294.2
-2041.7
2692.4
1034
-1163.4
2141.6
531.52
-1943.7
2671.7
262.99
-1592.4
1731
-382.44
-882.19
-810.22
-2851.6
-358.91
-1115.9
-1660.1
-1151.1
631.02
529.51
-2160.7
2887.3
-2480.9
-1741.3
2422.5
-2026.6
-2615.7
2846.7
-542.88
-93.017
-1993
798.97
-201.88
-2991.3
-791.72
1289.9
1132.3
-1403.5
-934.74
2335.4
-1521.1
2587.3
-1450.3
1173.2
-1839.1
1157.7
-1501.1
188.71
131.41
681.68
2127.2
-1443.5
-1644.3
-1055.4
1582.3
816.16
1405.9
-1183.4
-2939.2
2460
1208.4
-2234
2417
-733.91
616.21
-2881.9
107.67
-2288.3
2562.3
-508.46
2077.5
1375.3
848.47
1392.9
1560.4
2805.9
2369.7
2928.3
-1659.5
1685.4
-543
1630.5
2194.4
2864.4
-1702.9
1512.1
626.74
302.93
992.61
1878.7
1293.1
44.503
-423.21
925.4
-788.9
-2404.8
2216
662.75
22.244
-2441
-2144
-2978.6
-1654
18.611
-1799
-2857.3
1173
-1227.5
2122.6
-2888.8
-2941.3
1732.1
-1252.5
-447.19
-1855.2
-1722.9
2378.3
2296.7
1201.1
1998.3
1655.4
-2657.4
2390.8
37.029
2829.6
2810.3
-1868.2
845.12
889.98
2102.6
1038.5
-2272
2327.7
1812.5
-2549
-1516.5
2119
699.98
-1852.7
689.99
-272.18
-1312.4
2650.4
1158.7
2394.7
2897.5
58.721
1800
-2671
-2192.8
1179.7
1715.1
1893.7
-1818.6
2980.1
-2167.1
498.06
1339.2
867.78
-1836.9
-1150.9
2112.2
586.67
412.28
2463.8
97.892
1792.8
-2359
-2866.7
-2307.8
-738.6
-791.16
1648.7
-1105.3
509.73
-842.54
442.13
-470.24
2835.4
402.6
-1127.8
1008.8
-472.09
2688
-1780.2
-1162.2
153.62
-2358.7
400.96
-2986.2
1927.6
2974.8
1397.1
800.09
1979.8
-1439.7
-1984.8
-2970.6
-2840.7
-1770.6
-2663.3
-2728.3
1188.3
2453.5
2998.1
-1062.5
1396.9
-644.47
-2655.2
-2149
1188
-698.73
2442.6
2373.8
2620.2
-618.35
1937.7
1203
52.901
-2757.1
1392.3
1531.1
-1762.5
2568.7
-897.38
1467.7
2140.3
-1385.9
707.98
-1869.6
-1133.7
-2473.6
1005.8
-1106
2315.2
2179.7
-398.39
-1706.4
-2476.9
540.67
1180.9
-214.86
-523.38
-2788
-2523.2
2912.9
-2685.6
-2310.3
2211.6
1913.5
-1837.8
1102.1
1277.2
1999.3
-2847
-78.464
328.25
2009.7
-374.41
-359.28
-318.28
-225.91
-2870.8
2388.8
-2387.7
-1928.7
845.91
2524
2418.5
2955.7
-1634.7
1865.1
1311
2190.4
-2182.3
1086.7
2682.7
-2807.5
-2593.5
-622.06
-938.8
620.43
2180
-2559.5
1167.9
1057.5
2372.5
-1048.8
-1754.8
1998.7
-1796.5
695.54
22.148
514.18
-905.41
539.65
-2508.1
-2477.9
-280.62
-2640.8
-1288.4
58.871
1980.6
-440.62
160.78
1607
-2293.9
-467.76
-2246.4
-1603.9
658.87
1360.2
1501.3
2207.7
1782
-1011.9
1970.9
-1226.3
2931
-1562.1
2455.7
1717.4
701.39
2061.6
910.81
2242.7
1346.5
2985.9
-881.01
-1074.6
2646.5
2928.3
2245.2
-2119.9
1740.5
-1532.9
-1604.8
2473.1
-2771.8
1898.2
-2931.1
-523.41
-219.74
288.95
46.155
-1260.2
447.99
331.42
294.94
2162.7
-1568.2
-1275.8
-1086.4
1836.8
23.429
745.16
-1150.4
2589.6
-2999.6
-603.1
826.45
550.61
-275.42
1318.2
-571.21
2688
1965.9
2306.8
886.42
-2543.9
-1613.5
806.34
-2061.9
-597.46
1790.9
-2999.7
2913.7
-2754.4
620.44
-468.77
1186
-1052.7
499.51
-750.8
-1448.1
-437.75
187.63
-999.47
1479
-2867.7
1845.8
-397.3
-989.37
-2419.7
1571.7
-2991.1
-258.88
-771.48
-2635.9
-738.79
2510.3
-1917.6
1975.8
981.6
-1432.4
-2967.8
551.83
-251.97
929.77
-722.14
862.81
802.93
-2793.1
-2749.6
2010
-1967.9
252.96
-1095.3
1212
-1283.1
-2083.2
112.51
-2348.7
-2239.6
-1893
-987.36
-2369
2240
-2978.5
-1526.3
2035.7
-1108.5
-669.46
1927.1
2108.7
-869.99
513.79
-2769.3
278.92
-1720.6
782.28
-2871.1
-607.22
527.49
1494.5
147.27
1003.8
-1912.1
-1866.5
1625.8
-2971.7
2263.7
-35.849
-2806.4
1550.1
-779.3
163.09
-2145.6
1048
-1164.4
-1200.2
-1377.1
-1088.5
1052.9
-2099.9
-1722.6
859.84
-1753.2
1392.7
-332.61
1166.6
-2069.1
652.06
349.81
-200.97
1850.1
1265.3
-1223.4
596.26
-2425.4
787.47
93.64
-356.16
2946.9
-2640.1
1349.4
-1791.4
582.47
-291.43
2829.9
2878.6
-2810
1318.2
869.75
927.91
2204.9
2681.8
-2192.9
2392.1
-1841.8
2359.9
1752.7
-1839.8
-2332.3
1109.5
-759.75
2455.9
1427.7
-1872.9
-1201.1
-1585.3
1549.6
-1513.3
-1015.3
941.14
2046.9
1125
62.935
-698.47
-1495
365.81
-301.68
2723.7
1320.4
-2502.3
-896.69
467.35
-1706.1
-502.19
-2442.2
2615
-2785.9
506.28
-999.03
2349.8
-762.3
-375.59
361.13
-2230.2
681.41
2145.7
2295.1
-1201.1
-1409
-1624.6
1966.7
251.54
-2997.7
-2942.9
1222.3
1022.5
1935.9
-2390.5
-2361.9
-1794.1
1854.1
-1359.9
-1761.2
456.08
-1111.9
-2218.7
-152.33
1686.3
-2032.7
1012.5
862.84
1932.6
2593.3
-1504.8
-2777.2
-1539.5
-2736.3
2044.3
1487
-970.49
-2600.2
-31.01
-500.48
981.18
-958.79
1173
2296.5
2160.5
981.53
1112.5
-3.6358
1160.5
-1737.7
-2028
-637.75
2571.1
159.4
1862
-2293.1
1636.4
-1385.3
-772.5
-370.75
-2153.2
-909.1
-2893.7
2427.5
-2139.4
1747.6
1938.7
-1853
-1316.3
-1560.9
-2014.1
-560.05
-1936.3
1329.1
51.517
-270.97
1098.2
-1249.5
-650.73
-598.89
2719
608.57
831.04
1263.1
508.59
-1615.6
-2773
-2830.4
-1951.1
-24.083
426.84
2450.1
16.134
-1273.8
188.63
-98.734
258.48
-794.85
1437.1
991.72
2146.1
-612.51
502.54
1403.2
-1835.2
111.7
1691.6
-28.656
730.55
-1467.3
-2450.3
2113.2
232.19
2164.1
2464.1
2150
-2036.3
670.46
642.93
2601.1
1053.8
885.02
2939.8
-189.76
2650.9
702.7
-2090.8
300.85
24.383
981.09
-1751.8
2509.4
-1690.2
-1392.5
2269.7
-1050.6
662.42
-799.17
2536.9
-1412.6
-588.55
-286.88
-762.23
-251.49
1379.7
-214.21
-2616.3
577.76
2832.1
-72.1
-411.07
269.1
-1878
2024.3
783.98
1635.6
-2950.6
203.13
2474.9
-1401.9
965.61
808.28
434.52
1809.1
-2706.8
1495.5
-995
2409.9
2210.5
1723.9
-1158.2
1262.7
-2700.7
2700.9
2747.8
2282.7
1286.7
-2356.5
-454.32
1396.3
-2645.2
-2215.2
-2039
1251.6
662.61
305.28
2403.1
2902.5
2634
1359.3
-2187.2
2071.8
1535.4
-1570.6
-471.34
-2785.3
2985.4
175.54
-2026.8
-1138.3
-244.89
1097.4
262.38
2439.5
2071.7
1778.2
2238.6
2646.4
2504.2
515.88
-2726.8
1508.1
1332.8
2786.8
583.22
-531.98
-1650.7
2685.6
-2795.4
2243.5
1481.4
-1621.3
-1967.8
-534.93
-959.87
2132.6
1094.2
-537.79
310.82
1444.5
-217.71
2663.4
352.49
2668.6
-213.68
1396.1
-2396.1
-2494.2
-1870.1
-1025.6
-976.97
2809.9
-599.13
-227.89
-9.3581
228.6
-964.78
-506.14
-2578.3
390.95
1402
2427.9
2342.1
-518.06
275.02
873.53
526.25
2399.7
-1632.5
-2402.2
-1562.5
-1263.4
-1141.2
-2864.4
-1798.9
-205.02
-1674
2440.7
-2729.7
-1211.3
-1896.4
547.79
-224.64
-1448.6
2978.1
862.07
2716.9
-184.67
-2521.2
1033.8
589.95
1425.9
-2489.4
-2517.6
-668.77
-2101.7
-2317.9
2340.1
-551.48
2272.2
-2233.5
-1990.5
-812.65
-2211.9
-870.07
-448.3
-1542.2
-2083.6
2848.3
-292.18
-746.6
2406.6
2839.7
-2261.1
-1454.2
-1659.8
-1955.5
-246.1
-2961
-2023.6
2406.9
278.86
533.37
675.47
-2712.2
1917.2
299.67
827.92
1324.5
94.746
1497.8
1544.3
-267.02
-1598.3
-2134.7
-577.23
-814.07
659.81
484
1479
-2285.2
-2127.9
82.053
1351.7
-1948.5
1979.5
-74.834
-1827
-1303.4
1099
292.39
-1600.8
-879.43
-714.98
684.67
-301.72
-555.35
-501.95
-2784.3
-2436.5
-1868.8
-1969.4
1051.7
1541.6
-1681
2536.4
-736.82
-2146.5
1847.6
2489.7
-260.17
1041
680.15
2569
-1390.2
-2327.2
-2342.9
811.16
-189.47
268.64
378.18
-748.94
90.969
1978.9
-1059.1
2143.1
-1382.2
1807.3
2393.1
2139.2
-276.76
-2506.8
1364.7
41.549
-1707.2
-348.63
-1583.6
-2171.3
-766.08
2153.1
538.65
-1545.4
1897.6
1649.1
1789.9
-2292.6
-1767.4
-1254.9
-2034.1
1833.4
1752.5
1670.4
2458
2138.6
1830.6
617.59
649.79
108.33
2077.3
-1943.7
943.51
-327.49
993.06
1635.3
-2459.3
1299.1
1419.1
2350.1
416.04
-2240.3
-2703.2
-1240.3
208.43
2526.1
137.94
-2446
1262.6
2774.1
-1878.5
2310.7
769.17
-1561.4
-1282.8
1851.3
-1961.4
-813.6
-1269.5
-1028.9
2001.3
2785
-2178.8
-1019.3
980.05
-2135
2638.1
-2860.4
-2355.9
2176.7
444.53
2870.2
-2696
-1130.1
2488.8
449.7
1311.8
-2667.7
-2953.5
1265.4
2217.9
2471.8
1116.4
-2054.4
-1808.9
244.41
-1695.2
1717.3
2020.8
-1780.1
-1505.2
2918.3
577.59
-581.8
1664.6
-2469.7
-2738.4
1398.1
1713.3
385.5
1761.2
2952.6
217.08
-1586.7
2445.4
-385.47
-623.79
-300.01
2224.9
-941.94
-1141.6
-2028.6
2271.1
-2890.5
-843.26
-401.63
-734.52
-1103
2098.5
-1202.9
-749.5
1900.7
-2729.5
-414.56
-681.39
2491.6
544.66
-1433
-352.46
-1891.7
2251.2
-1431.4
-2734.9
1039.1
-2672.6
905.68
761.5
85.703
-757.86
-1156.3
977.53
-692.73
-1248.5
1332
1290.7
278.82
2645.7
-2335.1
-2786.7
-2172.2
-1474.8
826.12
-1013.5
-117.45
432.75
-273.49
497.68
348.47
1701.7
-729.01
-1803.6
-1693.9
-1850.2
1091
-2229.7
-2544.2
2226.3
71.445
1995.3
132.04
-2647.5
1668.7
-2280.9
2197.1
-1564.1
-1416.9
-415.09
-2493.1
687.66
1522
-560.82
175.87
1629.3
-383.99
2377.2
-1675.7
-2468.5
-2091.3
1086.3
2322.5
209.27
-2168.7
-1359.5
2632.4
-2614.2
376.75
2356.1
631.1
-2190.8
2747.5
-1664
1279
578.42
-330.03
-1939.8
-485.33
-270.17
2353.7
1445.6
-1534.5
643
2565.1
1810.8
2330.4
-220.01
1547.9
-2970.8
2732
627.61
-2622.1
2268.1
2632.2
2143.2
1982.5
243.51
586.34
-1366
1252.2
-379.53
310.45
-2486.7
-787.41
1179.8
1641
1251.7
306.35
1003.1
-850.45
1398.3
-140.13
632.07
-686.12
-679.96
-406.08
39.375
-1192.7
2491.2
-2201.3
-746.61
-605.95
-2306
-196.65
151.19
1688.1
734.06
-2513.4
2171.6
2626.4
2976.2
-2655.1
1985.5
-1386.2
-1910
2022.6
2923.5
-930.94
1465.1
-2229.6
-1031.9
2203.8
-2898.1
73.773
2524.3
328.18
-1607.2
-1573
716.59
1526.5
1667.2
2792.4
401.16
547.67
-350.3
-1584.9
-2040
-1136.1
-1938.6
2951
-101.98
2843.5
1190.3
-177.67
-2341.7
2208.2
-2604.9
-269.82
-912.88
-2212.8
224.95
-2207.2
-252.32
-593.77
2744.7
2669.8
665.77
-331.5
-2088.5
-85.955
1369.3
784.55
550.87
2553.3
-2599.8
-20.2
-2078.1
-1987.5
2278.2
1032.2
-2397.1
-2647.9
-925.89
1349.8
-1731.2
-244.25
-592.77
-2838.4
-1879.9
-1014.9
1111.4
1998.2
814.45
-865.36
1138.6
2639.5
-2189.4
-192.85
2839.5
232.85
-2057.1
1638.8
320.87
1501.3
-317.3
-2397.4
-1246.7
28.573
-2689.9
1697.3
2638.6
-522.31
594.75
1566
-1289.2
-511.4
2047.2
501.93
-1205.5
767.45
2208
693.1
2188.6
2083.5
163.32
-2579.2
-2645.6
2612.6
-2771.6
2580.3
-1022.9
-2811.3
-1160.8
130.97
-2164.2
-2044.1
-2221
-2839.5
1325.4
-956.48
674.91
-1940.6
2138.8
-1789
-2403.2
370.21
-408.13
34.84
-2965.1
-33.043
2310.3
191.96
2793.5
-50.02
1265.3
-120.77
2022.5
1698.5
1666
2738.5
758.49
-1854.7
-1248
1079.7
2232.9
2474.3
-761.19
1541.5
-2626.2
-1992.8
-2223.2
2036.2
-1346.2
206.05
-1300.1
-2773.5
-1875.6
552.22
-85.104
-824.8
639.08
787.58
1146.4
-1038.7
2896.9
-1480
388.62
2626.7
2218
1089.1
1809.9
1081.6
2454.4
-261.99
-1032.9
-2957
-1544.7
1794
-49.751
754.07
2836.6
2007.8
328.97
-1246.2
2932.6
-1855.2
-1507.8
-1760.4
-160.96
1309.2
2704.8
711.83
-1633.4
84.191
1651.8
2941.7
-2062
-1977.9
-748.33
-665.38
-2966.1
1516
-964.37
-1129.1
1850.3
2584.3
437.47
-2672.7
2767.5
1111.7
2969.9
-1524
-780.14
-2807.3
-2795.7
-315.3
1776
-1792.1
-1465.2
2812.1
-1622.8
-2233.1
-2830.2
-1306.7
919.88
-1245.9
1676.5
-1926.6
-2404.9
-2709.5
-2267.7
-1609.4
439.85
1640.7
-1397
2029.8
2793.6
91.373
319.38
206.12
-980.25
2316.2
721.91
532.97
1486.7
820.44
-997.46
-1647.7
-571.25
674.37
-1749.2
511.75
502.3
2379.1
1325.6
-139.26
201.31
2744.4
773.03
2115.2
2812.7
-2520.2
-975.57
-2253.4
2208
-817.77
-1903.6
2559.6
-2968.5
317.55
-2849.6
1064.2
-393.35
-2688.4
-443.57
2928.7
2568.4
-632.37
-2845.6
-886.83
1136.3
-2331.1
2131
-2244.8
2066.3
-1341.2
-716.38
-2604.4
1741.5
2851.7
95.016
-2208.8
-556.16
1171.6
1992.5
2921.2
-806.17
2854.2
1599.5
-1556.9
1402.8
-1393.6
1970
-2677.5
2122.6
-2210.5
-2688.5
-379.83
-1772.2
-2972.9
908.1
2653.7
-304.95
-2947.3
-340.85
-2159.2
-2977.6
-1238
-339.02
-1427.6
-2557.8
-1197.5
-983.45
-2088.8
185.23
1767
2056.1
1555.6
-2244.2
-739.87
2080.1
1193
-646.91
570.17
2515.3
-2558.5
244.29
1660.7
934.28
-1275.3
129.86
-2258.4
-2067.9
-2711.9
-896.95
-2708.8
1472.1
1515.9
-918.1
-2149.4
-134.79
248.46
2052.5
-1343
1704.7
786.32
-2289.9
-2253.2
-2524.8
629.16
1291.1
-1838.3
-2495.2
2791.4
1121.4
886.5
1221
2973.6
1908.7
-628.98
-706.42
2234.3
-1753.3
1148.6
-571.7
-2721
-1962.1
2740
651.35
1710
-2259.2
2409
1603.9
-2544.2
2784
2097.3
1343.3
1180.1
-1259.7
-2055.7
-1455.1
156.16
-1291.9
2310.5
997.51
2340.1
2624.3
1183.6
914.93
104.39
243.69
-2068.6
-1872.2
-821.68
1807.5
537.28
-2814.3
-520.73
-1639.5
59.092
-1778.2
2338.9
1513.6
1330.7
2919.5
-457.76
2074.2
-796.17
-1358.5
-1171.5
2899.2
-193.41
1154.7
-2829.6
-1419
-1760.1
-2483.1
2007.6
-2203.1
2703.1
2703.2
-1639.5
-697.97
2754.6
-1328.3
-1786.3
1090.2
2024.7
-1065.8
837.26
-2779.6
-2616.1
2788.7
-268.41
51.815
2990.7
1038.9
-1729.8
34.263
465.37
612.02
1035.4
804.86
-2084.5
1432.8
-795.16
-2560
-1591.2
-77.631
-1148.4
1842.7
2170.5
1773.9
1475
-1857.9
-2344.7
1640
-1096.4
1893.1
-320.11
1576.1
-1111.3
1579.4
44.841
-2221.8
-2560.6
2104.5
1063.9
1832.7
1790.6
-522.76
-1710.9
1107.2
358.57
659.43
-2631.4
729.2
2128.1
-327.15
-2070.2
-887.19
2466.8
-150.4
1125.1
1648.5
-1092.2
2485.5
2185.9
2190.1
336.98
-1020.3
-1010.5
-2510.4
-1276.3
328.75
1678.1
424.91
1264.2
2626.1
1765.3
-2312.5
904.46
1511.3
1638.1
2127.9
566.01
-25.52
-2192.6
-2909.2
1365.6
-599.06
1153.1
849.21
-2919.2
-1871.1
-1912.9
111.81
1707.4
2490.7
-1940.6
-2162.8
853.11
541.32
1317.5
-131.89
-453.47
-2452.4
-2102.8
1067.8
1835.4
443.68
639
430.89
-2891.5
23.359
1143.6
-1387.2
-2645.4
229.1
-1173.5
-947.46
779.81
-128.92
1359.5
316.23
-731.1
349.72
-2421.4
-18.951
571.6
-2649.7
-2226.4
1602.1
1308.8
-2798
187.88
421.27
-1412.9
1688.3
-635.76
996.5
2511.5
377.41
2389.9
-521.46
-1799.8
2901.3
1656.7
309.9
-2624.3
638.28
-2989
-447.41
-2578.5
2810.5
-1557.8
-2527.4
697.24
2037.6
-2672.2
258.1
-1533.7
-1976.2
-969.71
-778.79
-205.88
-1442.7
185.7
1069.2
-2368
1093.8
1965.8
25.851
1360.2
-862.1
-225.35
875.99
536.3
-1932.4
-2725.1
1776.6
-1080.4
305.48
2155.1
2168.2
-2370.6
2855.9
-639.18
2852.6
2184.5
-2425.9
-2563.5
2792.4
-2519.2
-2021.7
-186.23
1047.2
-1489.4
-893.41
-988.98
-589.92
-2222.5
2780.7
-1148
-315.51
1326.6
834.79
849.69
-2393.4
2412.9
-30.553
-1418.2
1197.2
1732.3
2036.6
-1599.1
-1114.3
-1865.2
2063.4
989.23
-1095.4
-2384.3
-321.47
1647.9
1780.7
2994.8
1606.9
2222.2
-2344.2
1929.2
961.58
-1737.1
2598.7
-2339.8
2830.4
-1572.2
2716.6
1580
-1656.8
-2871.5
-1447.9
1498.1
2291.7
2812.1
2695.7
-1418.8
1115.3
-2095.2
-77.829
576.51
2827
446.66
605.52
-2790.4
-1362.3
2913.5
1598.1
217.9
1001.5
-2464.4
2758.8
2344
1765.9
-945.6
-153.23
-451.2
-536.78
545.29
-1344.1
2223.9
-768.3
-1984.1
571.32
-2735.3
-1513.2
1370.7
-2358.4
-1837.7
-1897.4
-1719.1
-2008.3
1935.6
2277
287.46
-447.85
852.18
2986.2
55.413
1047.5
-1666.4
-923.02
2851.6
2853.4
-1878.3
-2255
1550.5
1098.7
-1723.3
-115.85
2284.8
2691.8
-1726
-1472.7
112.6
-1520.4
-1989.3
1236.5
-1381
348.78
2521.4
-1626.2
-1463.6
2858.9
2755.3
-714.21
1396.4
-388.99
-1157.4
23.67
888.12
2968.2
-237.26
937.16
1658.2
-1918.6
926.74
-135.26
-730.31
-118.42
-1190.2
455.76
1327.3
-1322.8
-1856.4
-1753.9
1882.6
-116.49
-2507.7
-1112.5
924.18
1992.5
298.16
251.9
-790.97
2191.6
2669.9
-2524.4
-762.81
2017.5
1636.3
2805.7
384.65
522.51
1229.7
-2453.8
-1844.6
-1365.8
-2788.2
-2865.3
-1374.4
-1945.7
-2884
2506.5
1677.9
2778.9
2241.4
-465.75
-984.99
1720.5
-2138.2
2441.6
945.28
-2304.5
-1213
-2000.5
1410.6
-2104.6
2285.6
-220.63
-429.31
2701.7
1905.1
-2050.8
-2917.9
-45.343
1528.9
-344.63
1896.2
6.363
504.14
-1262.2
-1021.2
1190.1
2202.9
-2590.1
750.45
-2127.7
-2996.1
2532.7
-904.41
-2464.3
-669.64
-689.6
-1204.5
-1566.7
-2155
-284.3
308.4
-1710.3
362.74
922.06
1865.4
-1304.6
310.86
-2145.5
2189.5
-1881.2
-704.36
1254.1
-1141
-1058.5
-1660.8
-2906.6
-1817.2
-302.07
562.24
-143.69
703.27
-755.7
-1171.9
1539.9
690.29
-1812
-179.32
-193.32
-2747
-1089.6
710.25
-1343.3
-2864.5
-1554.2
773.47
1542.6
-1582.3
-1036.4
-407.34
257.2
-2164.4
-1342.3
-2609.8
-2927.3
2136.2
1979.3
-2161.3
-199.93
2310.8
860.41
1221.3
1582.8
-2626.3
-626.31
-1534.7
2440.4
1603.5
579.26
-2718.6
554.78
-1517.3
-2566.3
2305.9
1802.1
-1928.7
965.86
-698.91
-2542.8
209.31
-748.64
1278.4
-1537.5
2309.3
-2559.5
-499.86
-130.63
617.48
237.42
-130.85
-654.99
1058.3
2781.8
-1667.6
1673
2189.1
1508.8
255.66
2864.8
518.94
1747.1
299.47
-1013.1
-2109.5
-785.17
-2959
2786
2492.1
-13.865
-91.659
-1357.1
2431.4
-483.1
1742.4
-205.32
1225.4
1653.7
-1645.5
736.93
2018.4
-631.27
1063
1433.6
-1540.5
