4463.7
4547.1
-4427.1
515.7
5113.8
5176.5
-160.87
-3939.3
4573.1
5054.4
-5107.2
4773.9
2835.1
-1185.5
-3616.9
-5149.8
-4992.1
3558
-2011.9
-5121.1
-1302.9
3247.2
-112.59
1609.4
2801.6
1976.7
-3711.3
-17.995
-1755.8
-3038.1
-2694
2189.8
5052.2
-3975.1
-2667.4
-2702.9
-2821.2
-1650.2
-2738.1
-293.82
3639.1
546.96
-2355.8
2791
746.04
-4906.5
3070.8
-4071
-336.7
-1791.7
3237.1
313.86
1121.8
1694.9
2729.7
-4578
4546.7
3584
5457.5
-630.54
5080.9
3024
4055.6
-1102.4
3300.8
4517.1
-2598.2
-4003.2
876.75
-3905.5
1342.6
145.74
-4664.4
-4143.5
-2860.5
-4953.8
4892.7
-118.22
4400.6
-4276.8
-1212.9
-1057
-4048.3
5017.5
-4842.4
-1615.3
-5330.6
-3641.1
2548.9
-539.84
-2240.5
-3421.5
-3481.4
1381.8
-4607.6
3032.8
-705.56
-2130.2
118.49
3243.1
-1335.3
361.08
4829
551.72
957.49
-2186.3
-2964.6
-3357.6
-3622.2
-707.31
4657.2
-3467
5277.2
-4277.7
-1004.1
-2615.7
2323.4
-4208.4
-1993.4
86.441
-2612.7
-5178.6
2533.6
863.78
-452.66
514.86
-2952.5
1364.7
-1149.3
5367.8
4236.8
3258
-2619.4
1977
2433.5
1691.3
3069.6
4440.9
-1824.2
-3324.1
2684.8
-220.86
1208.5
3953.9
843.94
-2860.7
-5184.6
-3652.8
2339.6
-318.03
2001.7
-4714.1
-4436
3493
-3851.5
204.54
1638.9
-508.23
3578.5
-4035.1
-1199.7
3337
-1108.2
-915.21
1407.7
-751.84
5324.7
-4331.6
-3320.7
-1765.6
4623.7
2616.4
-848.81
4870.1
5313.6
2212.1
430.39
1831.8
-4091.8
-3617.7
673.2
1860.9
-1441.9
5298
3910.8
-1361
-789.22
-4173.3
-3011.9
912.85
-2305.2
-2581.9
5309.3
-1717.4
-4314.5
4176.2
-2632
-5252.4
-2060.1
-3533.6
-4463.5
-319.83
2198.8
-5130.4
-1984.4
1698.9
3519.8
5155.1
-1923.4
1220.5
-842.02
-2568.8
-2408.9
298.57
4129.1
4879.8
5034.6
1937.3
1889.9
-4752.1
-3035.6
3788.3
3085.7
-5426.1
-1245.5
-5487.3
-832.16
2971.8
3132.1
-5106.6
2439.3
-3820.1
1181.3
2622.7
4591.7
2920.5
-2337.5
838.3
512.52
1588.9
1969.2
4896.9
2302.1
-4186.6
-548.49
1781.4
-1647.6
-922.26
3662.1
1248.1
448.13
-2587.4
-4188.6
1601.1
1532.5
1620.4
2431.5
5430.8
-4336.2
-4800.5
-567.9
2898.6
2991.8
5200.1
-3972.4
-4468
333.79
-166.61
1885.7
220.58
-3850
-2616.4
2804.3
-633.57
-1548.5
-1158.2
2244.5
-5284.6
-832.6
-3332.4
-770.86
-1197
-1135.3
2805.8
-3123.8
4942.3
1883.9
3668.5
-3660.2
5388.6
4227.1
-3797.7
-1023.5
3581.4
-1996.2
-4510.5
-4000.8
-53.053
-54.936
-4895.3
666.15
2163.3
3469.4
5378
4019.8
5389.5
-225.24
-2993.7
4409.4
3797
945.86
1830.6
1385.6
2527.3
5305.3
895.91
880.99
-4170.5
-172.74
-3196.5
1428.7
1261.8
-4955.1
-3382.4
-3239.6
-3420.2
1487.2
424.56
-9.7239
-602.99
-106.07
4113.2
-3206.9
1543.4
-3234.3
-4597.2
-3937.5
1330.5
-4927.1
2515.3
-4802.6
4778.5
3948.3
147.15
-1115.5
-5160.2
-2185.6
-1837.7
1630.2
3764.3
3895.1
-593.71
-3551.8
-1860.9
-4200.3
439.8
5494.4
-940.25
2903.5
-4397.6
-1544
240.74
-3567.6
4456.7
-346.85
-4355.9
2598.9
-3473.9
-2200.7
-3161.4
-4714
-4908.7
-5353.9
-3336.8
-2119
-4381.6
-1847
-4817.5
-4990.1
2875.7
-4511.2
3049.6
371.49
3583.9
-2266.3
-5386.3
1847.1
287.13
2279.8
-2332.3
623.37
-4822.5
-1786.6
2653.8
-4093.2
-162.48
3288.6
-4935.3
-4526.2
4873.1
-4047.1
-4286.1
1547.9
1691.9
915.04
-2916.9
5176.6
-4551.4
-1438.8
1077.4
-1455.8
-4546.7
-3237.6
569.56
1561.3
-3829.7
-4393.3
-2888.9
-4493.5
-4346.7
3128.7
1138.9
-742.67
2839.1
1710.5
4771.4
-2572
-136.36
-1143.9
-5090.4
-774.79
1208.4
-2026.1
2160.8
-4068.3
-5414
1711.3
343.3
1449.4
-4022.7
-3937.7
-3341.3
-2019.3
-2738.5
2235.5
-3471.2
-4649.2
2273.9
-2052.3
1347.5
-3625.2
-1135.2
2025.1
5311.2
1327.4
-1305.2
2839.2
-1641.5
-2264.4
3656.7
-1811.6
-521.48
-1544.3
2668
-777.09
-5231.2
-2007.3
5026.3
-463.25
2902.9
2647.1
-4334.9
-404.13
-4416.3
-3574.9
1825.9
182.14
-3810.5
449.72
-5097.8
2734.8
275.5
510.94
-933.97
-2690.7
4660.4
4758.7
4632.1
851.34
-2666.2
-2984.6
2940.6
2367.3
-890.47
3477.5
3459.9
3874.9
1492.3
-616.39
4034.2
-1594.2
-3034.1
1154.9
-3935.9
-867.77
2483.5
3757.2
781.28
5031.2
4670.4
-1390.8
1541.3
-5004.4
-1678.2
-1277.4
-5261.9
3306.1
3444.2
1290.1
330.57
-2765.1
-2995.2
5347.1
392.31
3323
-4763.6
-5300
3121.1
4239
1385.3
-3104.2
-5040
1280.9
-1601
5327.8
1943.1
2935.1
1786.2
-2249.4
306.32
1129
918.86
919.28
-4591.5
5457.7
5183.8
4252
-952.3
-4117.8
2487.1
2131.7
3775.3
2980.5
-1340
2524.6
-2540.4
-247.59
-2899.1
3626.1
4779.3
-3495.5
-112.6
4354.8
-5014.2
2997.4
-3531.2
-3188.4
4470
-4383.1
-4899.2
-751.07
3427.6
4338.9
-1209.9
4592.4
1301.7
4796.3
2536.4
3664.7
2748
-1952.9
5270.4
-1865.3
-1533
-947.09
2142.2
-1894.7
2629.8
-5148.9
1789.2
-2965.8
1370.3
1764.8
-1663.4
-2850
3918
2541.6
3704
970.3
3374.4
-114.46
-1615.4
5098.8
5202.5
1838.3
1926.2
1323.1
-5288.2
5222.8
-2956.4
-4157.8
-2663.7
-3825.4
-4161.8
-4462.9
-1110.8
-1733.9
3241.5
2048.5
-4897.3
-4991.9
2421.8
4155.8
-4722.5
3304.1
480.3
2372.5
-734.13
667.85
2739.2
1614.9
-3974
-1512.9
3083.3
-4031.5
658.25
4833.5
-2347.2
4357.2
4224.2
540.74
844.34
-588.16
233.23
4808.5
3839.9
1025
4768.5
-3225.5
-4707.4
1836.2
3420.5
2824.2
5189.6
4005.6
-497.84
3128.7
4550.8
1087.5
4396.8
-3237.6
2888.4
-2365.5
1807.1
-1019.5
2383.4
4358.2
-1209.7
2142.9
1205.9
-1913.5
2351.8
2429.4
1922.5
-683.98
3461.5
-2791.5
-1367.4
681.12
-1120.6
1732.8
2445.8
3650.6
-4834.9
-3697.1
-2181
438.96
-3888.3
3952.5
779.22
588.96
-1862.5
-90.131
4265.1
-701.97
-1160.1
3505
4742.2
-2655.6
1027
1240.9
350.78
-507.17
5126.6
2149.3
-1684.2
623.64
682.62
-808.99
2545.3
-503.66
3031.1
-766.94
4897.3
2261.3
-1210.8
-446.82
-2984.4
-5327.9
-4641.2
2.3246
787.77
1882.8
-4884.3
-3822.5
-713.07
1291.3
4002.6
4488.6
186.96
653.08
2933.5
4585
56.464
-4391.7
941.7
-4587.4
186.77
4824.1
-653.02
1715.1
3736.7
592.76
-1460.9
868.16
-1025.5
-617.7
-1084.7
-1060.1
-1535.1
-2638.6
-776.63
-2226.9
-4188.7
2270.5
3135.8
-1167.3
-3072.6
-3419
-2551.2
-3974.9
4411.6
-3067
-1363.9
-2586.4
-700.4
-5212.8
-763.44
2886.6
1980.4
1596.4
-3100.8
-2991.7
4300.2
-1073.2
1195
4500.1
-1841.7
-633.62
-5135
2381.5
-1798.1
-1958.8
534.23
580.05
-2843.5
-3804.2
4792.3
2510.9
-1535.9
-5486.8
2195.8
473.68
-2338.3
2877
836.61
1600.9
48.376
-4486.4
-3320.1
-753.38
-2675.4
355.11
4908.5
-1180.5
1885.8
5186.5
-546.44
2053
1650.4
-1387.7
-4222.7
5277.4
1044.7
-3456.4
-1741.9
-1202.7
-3828.6
-1378.1
-714.55
1260.9
805.86
-2911
762.94
-40.822
-3066.1
5181.8
65.994
2712.8
5030.8
1102.9
-4506.2
3944.3
2196
-2971.3
3416.9
5372.8
-1969.6
-4833.3
622.11
3629.8
3179.3
-525.72
-4291.5
-2531.3
5199.2
-2069.5
3853.9
1532
-4524.7
931.9
-4828.7
-2363.8
-3399.1
-1172.5
1945.6
-2000.8
1886.1
-3632.6
-263.12
573.93
-4907.5
-534.88
3186.1
355.85
4086.2
1651.3
-4664.4
-947.25
-2597.8
5447.4
3092.6
5415.9
-833.51
-18.111
-1578.4
1000.9
-3368.6
2740.8
4909.6
647.03
-22.563
5436.7
5086.4
-1061.5
-225.67
-1140.8
644.15
5450.3
385.74
-4228.1
-2152.2
340.61
446.05
469.34
-5316.6
-3932.4
-2674.8
1779.4
-2433.4
-3354.2
4183.7
-1056.3
5158.2
3789.4
-1357.3
3133.4
3453.7
-778.38
1063.1
2222.7
2584.5
470.94
-2077.8
-3498.2
-401.62
4565.3
-5484.4
-3206.8
-4100.1
2497.9
3084.9
-697.9
-4954
1034.4
3755.1
5099.7
-3076.6
404.67
-1676.8
1532.6
-3722.7
855.13
4226.7
-3531.3
1364
3332.6
5290.8
-2945.4
1181.8
-1017.9
529.46
-3208.2
5018.2
-321.6
-5022.7
5268.8
-4028.4
4504
4399.8
2798.7
-895.12
3509
2624.2
-4760.6
-26.653
2666.5
-3778.5
1299.1
3686
907.7
3904.2
4239.6
-5099.8
-3796.9
1165.5
-1934.3
-1029.9
1207.8
-3431
-1945
-2924.7
2121
3607.8
-2096.9
-1921.7
3413.2
-2607.4
-2929.8
-1269.8
5408.7
5285
314.15
2825.6
3928.9
4724.3
-5496.2
-3215
-1916.1
2722.9
476.29
3655.7
5033
-1578.5
-1686.5
3262.9
-4119.1
-5223.3
2545.5
-1459.9
4314.9
-4074.4
-1649.8
4702.4
1019.3
3722.5
24.207
-1590.5
-3149.7
-1829.7
4797.3
5083.3
4843.7
1213.4
-2937.2
2895.9
808.1
-1880.5
-2063.8
3629.1
-1071.9
1262.1
-3259.3
1934.5
-266.36
1093.8
-4344.2
3751.9
-769.24
2209.1
2836.7
-777.67
802.69
-2460.2
971.98
-4555.1
237.49
4451.3
-671.11
-3866.9
-2633.1
3784
-2157.6
-1784.1
5362.4
-2894.3
-1369.8
5195.4
3961.1
1451.2
654.25
2423.8
1529.3
-3313.9
5413.9
1747.4
5449.2
-4307.2
1299
5081.6
1787.7
-2641.2
442.24
2159.5
-4850.7
-1867.8
-4246.6
-2987.2
-4772.2
-2400
-612.37
1136.3
-4246.8
3834.6
-371.78
1432.3
878.73
1098.7
-5110.3
-1015
-441.37
562.54
2209.4
-4925.9
-443.94
3190.5
-1832.3
2650
-3300.8
-3644.4
-1448.1
-5311.1
1392.5
1655.6
-4460.6
-5342
-3520.9
-4750
1508.7
4010.8
3485.4
2137.9
476.08
5020.8
-4560.6
1424
2103.1
4915
4991.9
-3222.6
4556.1
-2249.1
3827
-2520.9
-1968.7
3544
790.13
2190.5
-642.52
-377.71
1929.1
4493.8
-2634.4
-4049.9
-3400.1
935.48
3545.6
4684.4
1703.7
423.78
5235.5
-1911.3
-1484.6
-4170
-4009.7
4372.3
1268.2
2180.8
306.71
3598.6
3813.8
896.4
-4974.3
-5273.2
1084.9
3258.7
-4727.7
-4003.9
-4483.6
-2819.9
3941.9
2571.2
178.98
1779.5
-3874
5107.2
-4137.5
1723.6
2799.9
-794.28
2791.1
2512.9
4821.5
364.8
-2554.8
4704.4
-2206.6
-3263.7
3282.1
1658.9
-2932.9
-4262.9
3716.2
-19.493
1677.7
108.23
-3329.9
-2229.1
-871.69
2132.3
-1077
-2128.5
1032.1
-3792.6
-2380.5
4079.9
4451.9
3671
4596.7
52.055
-3590.7
1168.4
219.25
-110.93
-974.36
-2278.9
-1688.5
122.17
2634.3
3349.7
-3415.8
3531
-5322.7
169.13
1170.9
3908.8
-4568.9
-1848.1
-1411
-3558.3
4178.7
2053.9
-691.1
5276.2
-657.94
-1913.6
4339.5
-2082.5
2288.1
4084.5
-420.88
2785.2
-3140.4
630.22
644.22
-885.31
-121.14
4720.9
-2705.9
2227.8
-3499.8
926.21
-3061.4
244.56
2654.3
3820.7
-3996.8
-3301.8
473.49
-5437.8
2912.7
-4875.1
-3584.3
377.2
4587.6
4257.3
-3481.2
2163.9
20.938
1223.6
1878.8
-2213
-1302.3
4266.5
4386.8
3469.8
-5466
-2632
-835.07
454.89
-2216.5
3954.3
-3980.7
3923.2
2152.6
-545.73
4946.8
-2421.9
963.28
-339.89
2708
3969.1
-20.851
-2975.8
-4758.8
-2935.2
2329.1
4818
-1167.1
1592.7
-195.47
1351.7
301.77
1181.6
-732.22
-781.44
1197
-4450.1
4248.6
-5401.9
-3954.5
-4450.9
1027.6
1844.5
-732.94
2771.2
1655.1
-4571.9
-5153.9
3692.8
504.75
-1963.8
1115.4
3291
-2384.8
-113.79
2733.4
-2211.4
4252.2
3475.9
3955.5
4390.7
265.17
-3544.3
3645
2836.2
-1728.4
-1726.9
3148.2
-2432.8
-868.94
-5235.7
-2439.1
-2339.2
-1108.1
-3259.6
-626.27
-3572.4
1280.6
656.46
2359.2
5053.2
1185
-4843.9
5353.5
-271.1
-913.72
-3154
-5173.7
-1832.9
609.88
-1011.3
3589.4
263.42
2629.2
5156.6
5055.7
-1324.7
4530.8
-3776.4
472.91
1738.3
-4294
-2417.5
1196.3
-4041.2
3605.8
3666.8
488.59
-4169
4397.5
-4653.2
3685.3
-948.53
-4120.2
4075.2
-2581.7
-4860.8
2444.3
-1086.6
4336.6
-4737
-1326.9
-880.44
1074.2
4384
3496.8
2675.4
-4782.4
-5452.3
81.789
-3007
-2315.7
-4565.3
-992.02
-626.82
-1610
760.22
-1665.7
-3934.3
2645.8
1850.7
784.93
4155.4
4129.5
-3945.3
2356.7
1882.8
341.54
52.917
-23.779
-1217.9
-2855.3
3731.8
-3133.1
925.13
110.44
1665.1
-2178.5
3585.6
3028.4
-4297
4139.9
4006.8
491.51
121.09
-4727.6
4649.8
-753.92
2428
-1385.3
511.28
-38.089
4959.2
149.19
-485.72
-3154.6
3660.3
327.2
130.62
-3153.9
-3929.6
2016.4
-3083.8
1429
-4096.6
-5489
-126.66
1835.2
-4183.6
5234.4
-67.3
-2828.4
3449.5
-5475.4
4448.5
-1332.9
-2824
5299
-2382.1
-1560.6
-4576.2
3424.8
343.79
2627.1
-683.16
-236.53
-3896.1
1542.1
725.02
3114.1
-371.59
761.95
-1987.7
4237.4
4683.9
192.95
4545
-1218.9
3494
-4565
-4910.4
-4192.6
3441.2
4228.6
-1340.4
-2718.6
-4951.5
1323.1
5249.8
-2637.7
3367.1
-4499.4
-3438.8
-1594.6
2494.2
3197.1
1959.2
3312.9
4906.1
4492.8
1263.9
-4647.6
-3910.2
1346.3
190.79
-3008.1
2162.3
2724.3
3424.5
-1990.3
2400
-4415.1
1510.4
-4174.4
-35.206
-4907.9
4328.2
669.42
-4754.4
-2325.8
1036.1
-1448.6
4820.2
-2388.8
-669.53
4138
-3260.5
-4907.9
-627.72
735.47
-1414.8
-480.14
2620.8
4996.7
4811.9
-2850
2848.7
-1576.2
-4289.5
-763.45
-2627.1
-539.4
-4047.6
1674.2
-2111.2
4226.5
-2839.4
-2299.8
-5432.8
-693.74
-2300.5
4803.5
-1130.5
714.96
-2532.1
-3479.6
-5141
2736.2
-3638.4
475.97
864.3
4351.6
-629.86
-4891.5
-4048.6
-1145.4
-5266.4
-2331.2
-127.82
-3271.2
5239.7
-2151.6
4355.7
-5480.2
4045
-5070.7
1147.4
-5417.4
4906.2
-4254
-2838.7
1240
3279.6
3092
-4902.7
5422.2
-4250.8
-201.77
3409.1
-2780.8
1198.6
121.7
5394.2
-1848
1382
2760.8
-1575.3
3856.7
-2472.8
3321
416.27
2451.3
-3532.9
5058.6
3394.3
4245.2
-5119.1
-5348.3
4963.2
-1249.3
3639.8
-517.02
4684.6
2614
111.1
-526.09
-1205.3
5240.8
-770.93
-1942.6
-1372.7
-1736.8
348.54
3017.4
1380
-1819.2
4003.3
1897
-3309.3
-38.277
15.56
373.54
-959.15
2230.4
-1306.1
-1555.6
-3261.5
-1172.2
-1374.4
-3681.7
-1988.7
-3253.4
-4730.3
-3759.7
2058.4
132.95
4717.3
2748.3
-2865.6
-3090.1
1792.3
3232.7
-2095.2
5355.4
3625.4
1048.7
-36.056
-4751.7
-4413.7
-1067.3
2465.8
3112.7
3424.5
4884.3
83.624
-296.66
-1952.7
-2439.7
2763.5
4645.7
3344.8
-403.76
4971
2295.4
-1112.1
3657.6
1647.3
4755.3
751.89
1480.4
-1016.2
-347.61
4515.9
-1775.4
-143.74
875.53
-4829.5
-4573.2
432.42
-2936
-451.29
1769.2
-1681
4977.8
-3757.5
2657.9
2209.8
-1382.2
-1998.2
-2224.3
-1228.1
5292.9
-4578
-2902.6
5328.9
2741.8
-3664.2
-4343.6
2523.1
-4032.3
96.66
3956.9
3364.2
5014.9
456.7
-210.1
-3209.2
-1912.1
-4032.7
5050.3
-3822.1
-4514.7
1857.9
3192.6
-301.43
5038.7
-2144.4
-2899.7
-388.31
1268.6
-4138.3
2593.1
3618.8
-1110.3
783.05
-1977.3
-3061.8
-194.64
-3068.4
-4838.2
2986.3
4346.3
1725.3
-5129.4
-110.18
-4584
-4924.6
2332.3
1293.6
1602.2
-4359.2
-2608.5
1352.2
-954.38
3944.1
-2376.7
3074.4
4615.6
-3710.9
-4248
-1585.9
910.59
4684.2
-5390.2
1196.9
-2547.2
-208.9
-4965.4
-2657.1
1162.6
3416.8
2289.2
3091.9
5426.8
1656.8
-2817.4
-3323.5
4958.3
929.11
2361.1
3945.6
2759.2
3265
50.052
2241.8
2515.5
-4885.7
3993.7
-975.54
2752.7
-2931.3
-1269.6
772.81
-78.593
5444.9
1818.6
1882.7
342.39
4221.7
-2186.7
-432.87
-4569.1
-3816.2
886.21
-1518.9
3941.4
5079.2
-3233.6
1270.9
1127.9
2680.4
-2733.5
-306.65
-2431.3
-2797.7
1655.2
3972.2
-1110
-2678.2
1310.7
3588.2
510.98
-5058.3
-1527.8
5347.1
2827.9
-305.47
3420.1
-4220.8
1487.1
4492.8
-5062.8
2048
47.567
-4962.4
2214.6
905.24
-3623.1
4617.5
-1528.9
-4580.6
3661.5
2459.6
-2221.8
4185
-4606.2
-4089.1
4223.6
-4165.1
-2039.2
3206.9
1982.6
1571.8
1290
1111.3
-1491.6
3249
-1599.1
-2895.1
3481.8
-1427.9
3974.7
776.03
5070.1
1502.3
4698.2
-3631.8
-2821.5
-3309.5
2306
3941.3
5078.3
691.67
150.47
-3681.9
386.29
1354.9
-1993.3
-1905.5
-1518.7
4551.9
1746.5
2690.1
183.23
-1312.7
-3615
5131.2
-3055.9
-4798.9
-1052.3
-4268.9
1249
-3081.1
-2571.3
-3427.7
-556.55
4056
4555.5
939.69
4691.9
4219.8
1179.8
4672.5
-4350.5
-1146.2
-3140.7
-3006.8
2795.7
588.32
5340
1105
779.2
5028.5
1117
1966.6
-4602.1
4042.7
-389.09
3013.8
1735
-743.85
-1371.3
-1733.4
-1276.6
-209.73
4813.2
4433.8
4105.4
-380.56
3391.1
-3680.7
2105.8
-2220.8
12.651
-4863.6
794.8
3562
-2198.7
4962.2
2764.3
-1657.5
-36.073
1461.6
1535.3
3958.3
-3513.5
-3700.8
-4649.2
886.79
3358.5
-2999.6
-3865
1473.8
-3495.5
-3854.3
5004.5
5032.7
5182.2
275.8
4360.5
1767.9
5232.8
-3532.1
-4955.8
-119.62
5467.5
468.68
4500.5
4167.6
-4207.6
-3642.9
4708.1
4221.1
-1291.7
4046.7
-573.4
4887.6
-2809.4
3394.7
-1120.7
-4616.9
3618
3201.4
-5212.4
4648.2
3674.1
2857.6
3659.8
-3156.8
-1129.1
5432.9
4894
-682.59
2684.7
-4917
3277.8
-5144.3
2417.8
-3116.9
-3974.7
4659.1
-1351.2
442.45
-5068.1
5187.5
1586.3
-3213
-337.05
5404.4
5009.1
889.81
2259.9
3107.7
-5408.7
2940.7
-2995.8
1562
-2550.2
3360.6
-332.65
4649.8
3933
4158.7
2851.1
1565.7
-1359.5
3213.7
-119.43
-3447.3
3720.5
2554.4
-5120.6
5185.3
2675.4
1036
746.38
-4661.4
674.69
4738.5
-4470.4
1130.5
-1581.2
1881.2
-4520.1
998.53
-4387.6
-4932.5
2952.1
-3021
-514.24
108.74
4460.3
1410.9
1301.3
5403.1
2268.1
-3374.7
-4945
-4997.8
3737.7
-985.44
793.02
-2679.8
-1652.1
1824.1
1349.7
-1391.4
-2955.9
4419.3
-1396.8
2792.2
-1165
-4522.6
535.38
1600
3458.7
-399.15
-3441.1
-4928.6
3765.8
-670.73
-5188.9
3257.2
-4232.7
3617.8
1817.6
4874.3
1631.2
-4768.3
-30.469
-4836
1661.8
1524
2922.7
-1303.6
-1758.5
-481.07
-503.96
-3089.7
-5281.4
2926.3
1306.9
-5388.2
1117.3
-1730.1
2219.5
-4894.4
1647.6
5367.5
-1490.8
-1366.7
-2288.3
1899.2
4053.7
-886.82
-3855.9
4096.7
-1966.9
-711.53
4676.2
1403.4
-5237
-4988.1
-354.92
-4784.2
375.57
-1496.6
-3854.3
-1804.4
-145.87
-4056.2
1920.1
1721.4
5277.7
1370.3
-20.127
-3399.9
-5469.3
375.77
-1262.6
-5460.9
1522.6
-2815.1
3563.7
-360.23
3753.7
-2886.4
-1035.9
4966.9
2918.1
4575.2
-3673.9
-2239.2
-4757.8
-3665.4
3422
5172.7
5362
5043.3
-4685
4346.9
-5474.2
3335
-4794.7
-4370.1
-892.27
4254.4
-2377.7
-3089.2
-5178.2
-5416
-1011
1677.1
-4359.6
-3686.4
1831
2889.3
1462.5
2075.3
348.13
-4900.1
-739.6
1432
937.2
-343.05
-3529.9
5092.5
-224.24
-4480.1
-5457.4
1963.1
-236.95
1117.4
2007.7
-4410
-4288.6
2076.6
3053.2
4381.3
-4828.4
-4588.8
-5319.9
-5363.5
-5374.3
186.9
-3368.8
-1447.1
1129.7
-2110.7
3732.8
156.62
-1746.7
5307.4
-3506
879.66
-2549.9
-3514.3
-4887.4
-2348.3
4406.3
-1147.3
-765.02
2516.4
4969.9
4965.6
-2307.3
-3189.7
225.67
-1072.2
-4633.9
1131.6
1814.2
-1831.6
-3258
2330.2
-629.45
4729.6
1391.2
4655.2
-1037.1
2132.9
-102.62
-1909.2
-1223.4
1937.3
-4289
2944
-5125.3
4805.5
767.2
-5204.8
3597.2
-4995.3
1768.1
1754.5
2398.7
-5131.4
2379.4
5324.2
4359.4
3310.6
-892.41
1700.8
-2479.4
-4721.7
-2550.1
1441
5050.2
2624.7
1158.9
3381.2
4160.5
-3825.4
3200.7
-1211.9
2576
3218.3
356.37
-4719.5
-5228.5
-4074.3
1895.7
-17.1
-2047.8
3150.3
-23.452
1046.4
-1860.4
3234.1
-411.33
1975.3
1669.5
-1117
-4767.5
5160
2519.2
2822.4
2971.7
-4275
-87.333
-5093.4
2490.7
-3873.2
-1309.1
-980.76
3288.1
-5448.1
1963.9
3775
-5204.5
3276.7
3117.5
3579.6
-1039.8
-210.13
-2412.5
-5211.5
3673
3627.7
1882.3
2577.4
4876.3
-1357.8
5113.4
-4569.8
74.661
2788.8
-2709.1
-713.18
1105.3
-4314.7
555.11
-3823.8
-578.94
-1598.8
4198.5
-1029.2
1552.2
-41.888
864.32
-803.66
4723.8
-1558.6
3155.5
687.8
-4483.6
4872.3
3804.7
-5375.2
1653.8
1642.3
832.55
-2439.8
-804.82
3668.1
-1091.2
-617.48
2688.2
-772.83
5233.8
4505.9
4229
4499.5
-1116.3
743.57
-3144.2
4186.4
-2806.5
-2150.2
4220.6
-1201.3
-3771.8
2188.8
342.98
-2599.7
3736.2
-3824
1737.5
-2289.9
2375
-965
3095.3
4422.8
-4.8628
1947.7
2162.8
4905.4
165.05
5244.7
2774.7
3095.7
-784.95
-1921.9
-544.31
3212.3
357.9
4389.9
4412.4
3394.6
-2984.5
-1669.4
-5190.5
1983.2
4830
4591.7
4241.8
-2199.3
2941.4
2516.4
1663.7
345.94
-5344.9
4249.6
-632.05
-2257.5
2137.1
602.39
636.43
4343.9
-4060.6
-3810
-5400.1
1199.5
2569.3
-48.681
2561.4
2706.5
2697.6
927.57
-4540.1
2045.4
5164.3
-2200.6
-2898.6
2259.2
245.66
-409.4
-3125.2
4472.7
164.47
-4367.9
-1551.3
-1173
498.13
-2785.4
3759
-2020.5
5196.4
3058.5
1660.9
4826.6
-1117.2
-654.12
-668.76
-1153.5
2764.8
-105.24
-2740.6
1517.6
5418.8
-4485.5
-3709.2
1067.1
-4726.8
3449
-1600.8
-3760
2220.3
1284.7
1665.4
-2370.4
3502
-5496.4
-5419.1
-4325.3
-2864.3
-2754.2
-868.58
3163.1
3783.8
3587.1
-4780.2
2217.1
-4445.9
3434.6
-4516.2
4442.4
-4722.4
2550.5
-830.25
4992.1
-4220.3
-4307.5
-2768.2
3483.6
-120.57
4566.2
-3143.4
3131.8
2715.8
915.84
-4567
4588.4
-2535.9
2993.9
4179.8
-1934.2
-2240.8
-2398.4
2696.8
1687.9
-2056.7
3205.6
936.09
-4653.9
3595.6
-1277.3
3491.1
-1384.1
1611.5
-2388.2
1012.8
5378.5
2594.6
-718.88
-1541
626.18
-4047.4
-155.05
-4386.6
-4017.8
4956
-2775.5
1860
1199.6
-1312.3
-3776.3
-1763.2
-1347
1158.5
4707.8
3857.8
-2359.5
2215.3
5144.3
5444
37.987
-1231.1
-4038.6
717.61
3278.6
3936.8
-2287.8
-1766.1
-3627
394.37
-2559
-756.95
3137.4
-4935.1
-5180
2140.1
468.41
3230.5
-2457
4252.6
4867.8
-4503.5
-3493
2474.3
1495.2
728.78
3537.4
-1986.9
41.101
2557.2
4631.8
-4580.3
2965.1
2644.7
5073.1
3157
4881
5293.9
-1688.8
-2202.4
1817.8
3216.5
-2749.2
-1885
2816.8
1168
3807.7
1052.8
-3101.5
-943.6
3118.3
598.68
-5424
-5259.8
-2722.1
1785.1
-5424.1
3296.4
5220.3
208.67
1507.3
4916.2
-4759.2
-1970.8
-4019.6
272.41
5371.7
-1416.9
-593.66
-449.94
-2644.1
-888.49
-1932.4
-625.97
3223.3
2773.2
13.942
1438.2
-2797.6
-2145.4
-2560.5
-2237.8
5159.8
2396.7
366.9
-1175.9
-3209.3
513.61
2211
-5427.3
1750.9
4509.5
281.17
-4937.1
-3692.8
-2646.3
453.95
4065.7
5163.7
4736.6
-2852.9
1887.5
796.58
26.042
-3429
2376.4
-3934.9
-1137.7
-5286.6
4754.2
2553.6
1197.7
-2169.7
-4971.7
-1521.1
3483.8
3373
-2387.5
-4895.8
-832.86
-909.47
439.99
1770.5
-2651.1
4895.6
-4759.9
833.22
-2294.1
-1683.2
-440.94
-5194.7
-3753.2
-1005.6
2706.2
-3586.5
-3585.6
3760.8
-3676.6
4477.4
4080.6
3703.3
257.15
4288.7
104.02
2569.2
-5259.4
2964.6
-1245.3
-1909.7
-1267.7
1472.2
-2035.1
-3821.2
2307.8
-4254
-3520.2
153.52
-3213.7
291.39
-857.55
-4695.5
3981.8
1678.4
1181.8
3295.2
4995
-474.29
3768.8
-3440
4927.1
3419.2
1899.9
-1037.3
1965.1
4985.9
-1770.8
499.78
-4126.4
-4677.8
2240.2
1760.8
3891
-456.73
3572.4
-5217.6
-3927.7
1384.3
-304.35
-4237.3
-2320.1
-1939.2
-2204
580.48
2537.1
4409.3
3234.8
-5181.3
-4028.9
4787.9
4869.5
4097.8
-2901.8
502.14
-2135.9
962.37
3848.3
1474.3
-4245.3
-919.36
4247.4
-718.56
-1308.7
-4453.7
-2239.6
-3829.6
-5360.5
-2599.5
-3134.1
2726
-4886.7
-280.68
-2159.9
722.48
-2639.8
-222.93
-2870.9
1290.4
2377.5
-413.76
-1086.7
-4679
-593.98
-4456.2
505.99
4449.1
4459.5
-5343.5
-4269.4
-4832.2
-248.17
179.66
3449.7
-2075.7
1829.4
2879.6
4083.6
3852.5
2972.3
-4758.5
-1934.9
4177.3
2934.1
216.97
2353.1
-2599.4
1265.4
1404.7
3046.6
-1830.6
2920.1
-2723.8
-4740.9
-1058.1
-140.98
-4824.5
482.61
4410.6
-621.4
-4025.3
3931.1
-3788.3
1771.8
-2297.9
2911
2003.3
1427.9
4397.8
-150.59
2245.3
-1493
-4661.8
-3677.2
4626.4
4555.6
5423.4
-2055.4
1126.4
-2220.6
-2254.9
-2011.9
3653
-3099
-5070.8
1863
-5463.3
3986.5
348.61
743.79
-952.42
5323.1
-1138
1036
4419.8
-1990.7
1731.7
-286.57
4960.2
-688.18
-1923.4
3243.2
4969.6
-2250.6
-629.86
4548.7
3344.8
2759.6
-255.37
-2112.9
-3203.2
-3019
5479.8
5001.4
-3451.4
-4090.1
1751.5
5337
-1387.8
4921.5
2122
3027.8
-1362
-3016.9
5465.7
2314.2
-936.81
4940.4
2562.2
-5059.1
711.84
4182.2
1364.2
-4678.5
-2917.9
3833.4
-3763.5
1136.3
1490
3105
-2038.3
-577.79
-2422
-1103.4
1021.3
-3242.4
826.62
3778.3
492.26
-3463.8
-394.97
-715.17
1526.6
2308.9
1027.2
2996
3902
-1104.2
609.29
-1472.7
1432.5
5413.1
-1646.2
4615.3
559.45
-4509.5
-802.47
4394.7
5137.4
3133
-1856
2396.9
4290.3
-4181
1683.9
51.876
-1257
-2925.6
-1316.6
-2547.8
3350.2
2521.6
-278.8
-4439.1
-2930.8
878.45
625.87
-3245.5
-3585.8
-5296.5
4973
2824
-2397.3
-2350.5
-2962.4
-3244.9
-3935.7
3229.2
4441.7
3496.5
-5024.7
-2933.3
-3626.9
-2469.9
-1686.6
-1051.3
2830.4
-4126.1
-1589.3
-4746.6
-463.14
4454.1
1252.7
-3299.7
1816.2
4058.7
-5264.6
3387.8
795.35
2401.1
1755.8
3352.1
3078
-4662.7
-4032
450.79
5372.7
-2029.8
-5037.6
-2683.8
4922.6
-4166.3
-1543.8
259.06
-76.128
2468.5
-3769.9
3985
1476.2
-4627.7
-875.28
-436.42
-2508.1
4394.9
1140.1
1084.5
4340.2
429.11
1288.7
-3015.6
-5390.2
-1950.8
-1809.7
5421.7
437.53
2638.2
3957.9
1702.3
-734.99
1450.7
1342.3
5440.7
1181
2395.1
-4764.7
-4534.5
287.99
471.89
240.71
-3881.8
-2416.8
-5098.8
-1948.3
-3629.5
-5062.6
1554.8
-4816.3
-406.31
4065
-5246.9
-517.59
-4331
4029.6
-5203.6
-398.46
780.87
-544.58
-4676.7
-2189.5
680.68
4539.9
-610
860.94
3416.5
-2750.3
-3930.8
5191.2
1261.4
855.59
-1361.6
-841.23
-609.78
381.05
4108
-1099.7
-4819.9
-4196.7
4293
3729.4
-4249.1
1093.9
5260.5
-427.55
-2608.9
-1881.3
-2814.8
119.07
5430.9
-2048.2
-5015.2
-967.19
254.39
-1034.9
-4457.2
-3906.7
-1331.3
-3128.4
3296.9
4358.8
400.24
713.71
3935.4
-2053.7
3740.1
-4929.1
-806.6
-1831.4
3242.7
2493.4
-2356
-2949.2
-4673.6
1209.7
-5163.7
1139
50.779
4609.8
2556
3467.6
3057.4
-1042.8
720.07
-1705.9
-3730.5
682.01
559.11
4702.4
4435.9
4688.3
-1751.2
422.07
-3506.6
-4420.2
3081.3
2959.8
4324.6
-3566.5
2637.7
-5215.6
-835.04
268.81
-3632.2
1305.2
2642.5
-4090
-3398.2
-3543.5
-5313
3347.6
728.78
214.66
-3401.9
-4939.9
-1812.8
4311.8
2037.9
3298.1
219.3
4775.9
123.27
-2704.1
419.7
-1642.2
4704.9
-4380.6
-2465.7
-3008.1
4323.1
862.63
5434.2
5110
2487.7
250.5
2402.2
-4608.3
-3256.4
2477.3
-5292.2
-339.98
-1755.7
2874.7
1917.2
-4934
5119.9
-1341.7
687.87
5034.7
4268.3
-3362.1
2263.4
949.26
899.18
-3667.4
-3891.3
1538.4
-3708.4
3299.7
2806.3
1540.1
-3193.9
-4257.1
-4796
1396.5
1524.5
2899.3
3096.9
2630.7
2411.8
3006.5
-1997.8
3003.7
4992.4
4479.6
-2352.1
-408.89
543.23
-636.45
-4279.3
-3707.4
-2500
-1556
5484.5
-1233.7
-1487.7
4689.3
1201.1
965.02
1729
3583.5
-2048.9
-2363.1
-4464.4
-2138.8
-3715.7
2934.5
2359.9
4612
4758.6
4454.1
1133.2
3804.2
1796.5
1721.1
-1851.9
-4392.5
-1596.9
5399.2
2304.9
4024.1
5008
4133.4
-1593.3
4010
-4655
-3858.9
3104.7
3492.2
1937.3
2828.7
-1551.6
-2558.1
-4543.4
-498.7
1508.1
-3638.8
600.24
-2331.1
-3888.6
-431.83
3570.1
3492.7
-5345.6
-3671.5
2400.3
-2433.5
-2340.8
-3790.4
4353.1
-1170.3
-2725.6
1371.5
-4293.8
-2482.3
-3757.1
1989.7
3381
4354.9
-5341.6
370.31
-585.89
-3906.9
3671.4
1278.6
-4518.6
3578.2
4924
-1212.9
-1829.3
553.23
-4212
3645.2
8.6433
4010.9
707.89
-108.49
4455.5
321.5
864.58
1775.3
-3082.6
-3473.2
3981.9
1601.4
1238.7
-2163.9
3690.6
1774.7
-2484.9
3677.9
1722.7
-1246.5
1048.7
5364.4
3882.1
4111.3
-3241.5
-5156.7
-2593.2
3232.5
1658.4
-248.56
-2847.9
-2502.8
-1854.5
-3475.8
-2101.9
4501.1
-5149.3
-5018
237.39
1375.3
4451.6
689.32
-1451.1
1307.4
-1369.5
3415.8
1921.4
3530.6
-5329
162.34
3773.7
5207.5
-1970.1
-3165.6
4732.6
-1706
2382.6
1030.4
654.6
2833.9
1094.1
2350.9
-1713.6
3779.8
106.11
3202.9
4550.4
-2333
4292
-3849.8
1659.2
-3367.8
-68.177
-5006.2
1469
-4844.1
-4914.9
1041.4
1619.5
4992.4
-276.04
-33.402
-3521.4
4558.7
-790.94
-3016.8
4084.8
-5200.2
-318.32
-1892.2
-5308.1
-1850
4986.8
-1826.8
-929
5054.5
-3843.6
2487.8
-3725.1
-840.59
-2473.9
3220.6
1272.6
1869.6
1864.5
1984.7
-1190
2469.7
4691.2
-3375.4
-3320
3883.8
4682.2
2180.7
-4390.5
4671.8
-1275.5
-2994.1
4665.1
3335.6
-454.49
-4037.2
2266.9
-4302.1
-3893.3
1381.7
3277.2
-695.81
-4963.1
891.14
-2722.3
-4838.9
-4482.2
1661.5
340.18
2958
1642
-1862.6
3164
-3768.7
2060.7
1979.8
-4085.3
3761.1
4889.8
-3046.2
3165.1
1291.3
2540.9
-79.348
-1788.7
2680.5
83.802
-3136.8
-550.38
-2604.1
947.54
1298.9
-4372.1
-630.9
2853.8
741.55
4878.8
-2461.3
4982.2
2286.6
3068.6
35.531
-1177.6
-2402.1
2229.4
-1334.5
-5152.9
-332.78
2929.4
1385.8
-2077.8
-729.39
-2902.3
2187.9
-1912.9
775.2
-2587.8
-557.7
1407.3
-2287.5
-3608.6
-4516.1
-773.55
793.59
-1679
2291.7
-1353.1
-788.6
-3091.8
-5061.4
-4959.4
3960.3
5214.3
5374.8
-5467.9
-1690.8
2814.8
-567.12
-1696.3
-5360.3
-1231.3
-3154.1
5167.8
5333.5
2870.5
1332.7
-3075
1486.9
1866.1
4889.3
-3005.8
-1972.9
5479.6
4750.6
-4452.1
4781.2
4207.8
-5298.9
2043.8
885.61
-4277.4
-5099.9
-1907.6
-39.028
4771.7
1006.1
4433.1
-4687.6
-2041
-424.04
-246.45
-3571.5
-3797.2
413.84
3675.2
5194.7
-3300.5
-3425.4
1411
1502.1
-2711.3
-4120.4
3528.4
3164.5
555.94
2087.6
-4444.4
-4857.1
1438
-1984.7
-2181.2
-418.31
3656.6
-4724.4
-3620.4
-3277
2523
2886.1
4820.7
1178.2
-1862.8
-5496
-3877.8
-3614.9
1733.7
-4909.4
-4885.6
-5327.6
2582.8
-5133.6
-2625.7
5192.7
-1685.4
-3440.3
2398.2
-726.68
1710.2
3991.9
-731.58
-4890.7
-4333.6
-2474.5
1916.9
3926.4
1189.1
5074.1
-5384.5
-189.09
-2277.1
-1119.1
4980.4
3706.8
-837.86
-2048
3899.5
394.72
4431.6
3162.2
2419.9
-3221.5
5243.4
1488.2
-2947.2
-438.43
-385.65
4090.7
-2903.9
-684.72
-3459.8
4474.9
-1209.1
4994.6
3751.1
-3610.2
-722.86
-2544.9
-2060.4
1228.3
-1143.6
-3250.7
1346.2
-2235.4
-2021.6
-1479.5
1467.7
-3291.2
-4579.3
3807.6
-1877
3963.4
5442.4
-2559.2
-3730.7
-2548.2
1200.9
3006.5
-547.54
2776.3
-4325.4
-1599.5
-2212.6
-1534.7
5448.6
-349.74
2476.9
-4549.4
578.94
-2203.8
-3316.5
2181.9
-3765.7
1056.6
3638
-2737
1707.3
3419.4
-938.2
-3970.5
-2784.8
3703.4
-1157.7
-5410
-134.5
-4729.9
1696.5
-4189.5
-3678.9
4039.9
-4015.5
1896.9
-50.403
-1941.5
-546.3
-3462.2
-3222.7
1778.7
-5057.3
-680.64
-4510.7
-1104.9
735.28
1664.9
-2574.7
1354.8
672.81
3228.9
3552
1142.9
-4779.1
1771.5
-4485.2
4428.3
-225.25
-3368.4
1295.8
1824.6
-837.46
4755.4
-2130.7
-2124.5
-3973.8
-66.579
4695.2
-3734.7
1923.8
-4505
-1399.4
-579.85
3364.1
-523.99
293.31
1612.2
3319.1
-975.77
-2505.7
4711.1
-394.62
-1795.1
5371.2
2715.5
3251.5
-2376.9
-3469
-3633.7
2448
3884
706.03
-642.37
-2639.5
4927.6
3074.3
-136.92
-391.96
1907.3
2840.8
-2477
3693
-4616.2
-710.89
-5452.7
-1433.4
-645.23
-2198.7
-5431.3
-2160.9
889.83
3351.3
-4205.1
2782.5
1156.3
-3353.3
1571.2
-4654
-3225.7
1214.1
197.54
-2641.4
546.36
-2066.1
-2098.9
-983.82
-2089.2
5434.9
497.4
4208
3559.2
4623.8
4079.2
-1098.3
4526.7
-5036.2
1052.8
-2268.5
3098.5
-4452.1
-5180.2
-4272.5
331.78
-1390.4
3810.3
-1178.4
-2752.5
-1723.4
-2175.5
-5244.6
3970.1
3921.9
4355.4
5105.8
-2974.8
-1535.1
2724.4
-1160.8
-2580.7
4805.5
4818.2
5367.5
-3458.2
1541.7
1101.3
-4079.1
-254.33
-2990.6
1892.2
3196.5
-2963.9
-4960.1
5431.4
645.93
-2641.4
-3573.6
-2424
3373.9
5264.1
3064
-22.518
-4389.2
3941.5
2511.6
-4221.6
-1678.1
-2361.8
-3596.3
4686.6
-4946.1
-5395.3
4494
-2823.4
4827.9
1168.5
3697.8
-5492.4
-748.57
4127.6
-1761
-2793.6
-2329.7
-3963.8
3493
1820.7
-808.71
5165.4
1808.9
4242.9
-2251
-78.27
-5216
-2174.3
3120.2
3747.9
2241.1
3526.3
3959.7
5456.3
-5131.3
-224.44
-2382.4
-3625.7
-2787.2
3882
5039.2
381.95
-256.87
-5237.7
2647
-1170.1
-5237.3
-4875.8
224.3
-1031.1
1752.4
-4608
2515.4
4406.6
-3079
3411.4
4163.6
1771.9
690.73
5030.5
-3790
599.25
4033.8
-30.906
2437.6
-431.78
3238.1
-3932.3
-5497.1
-5377.2
2276.8
-2583.7
-4474.4
2852.1
240.04
1858.8
1643.1
-2968.4
30.636
2299.4
-2695
980.13
968.15
-301.22
-759.15
5461.1
3212.7
-5109.1
692.75
-3907.6
-1605.2
2141.8
67.218
2037.2
3653.6
957.75
3706.5
3744.6
-776.21
-3942.8
4736.9
-4974.5
-2671.8
-1505
-3056.4
-1391
-5159.8
4807
2696.9
-4132.1
-1237.4
-2290
784.92
670.06
-3829.7
-5063.3
-1029.4
5181.4
-4907
1430.8
744.55
2718.5
4216.9
3256.2
-4947.4
5117.1
-1864.2
3938.3
422.51
2636.9
3854.5
4929.7
-4036.5
-4095
-4876.3
5309.6
4079.9
-2335.7
5073.4
4953.9
-3453.4
-4859.7
-2424.9
1948.1
-1628.1
3223
2060.8
-864.21
1467.7
-3395.9
2731.6
2612.3
5013
-1734.7
-5212.1
717.76
-863.95
-2041.2
-4224.7
4911.8
2730.3
-5415.2
-1566.7
3805.7
971.32
239.84
5133.7
653.31
-5168.6
3719.8
-689.24
895.15
-3224
-3432.5
2556.6
-349.73
1556.1
1801
1914.3
4731.3
-3540.9
-3304.1
-5406.3
-2480.8
-1137.9
-1179
3655.3
1975
-5336.2
-5162.8
-4981.4
-483.64
-1557.2
-3095.5
538.13
2627.2
5185.8
-5347.6
-159.47
-4241.2
1186.1
-3937.9
4733.3
2088.8
-3224.7
1797
-156.2
5120.7
-2786.5
2852.4
3546.8
1513.2
-3472.3
4785
3242.6
-63.698
4309.5
1464.7
-2291.5
2247.8
3549.2
-2708.5
1426.8
-1308.2
6.1551
-1703.4
2238.8
1035.9
2626
-514.03
4715.8
1511.8
591.52
3324.2
-3296.4
2894.8
1696.4
2577.6
1825
2351.1
1550.8
1962.1
-3036.5
4713.8
1907
-4603.9
-2373.9
-2979.9
1939.2
2240.4
2500.3
921.21
-4491.5
4738.8
278.52
2736
-3441.1
2341.1
2015.4
339.63
-76.827
3611.1
305.21
-1593.9
2391.8
1581.3
144.95
-5422.6
3665.1
3169.5
-3824.6
1596.1
-4473.5
-4892.1
-401.62
3762.3
-4234.2
-2041.8
1952.1
5425.9
-2474.3
-978.09
1420.4
-5023.7
-3294.9
-628.46
-1212.3
2732.6
-3733.7
-410.62
-4474.5
-1805.8
-3891.1
-2406.5
-1737
-2551.7
1201.3
2216.6
2022.8
-750.13
946.45
3131.2
4668.1
399.34
-2889.8
-4315.5
-4461.3
3439
4031.2
-1906.8
200.46
3954.2
3780.9
2413.5
-5398
81.266
550.46
2158.7
-5228.5
-864.54
-4627.1
4403.8
-1195.6
586.45
3281.5
3277.6
4618.9
-5176.4
422.56
24.639
-2969.6
5387.5
-4839.7
-1715.4
1508.5
3357.9
-726.22
1189.6
4852.4
-2687.1
5431.1
4395.1
-3080
4962.2
45.439
2953
-5181.9
-1942.4
1432.5
-3759.3
-2104.1
4145.1
-2165.6
-1761.4
1688.4
2837.1
-893.03
-5160.6
-2520
-1831.6
-4385.6
4449.6
1009.5
4967.2
4258
2085.9
-3044
-3602.7
-5120.7
245.6
-576.62
2828.7
622.67
3741.8
-708.2
-3820.3
4141.6
772.93
5331.1
-1642.5
-2692.7
-4635.2
1484.9
-4603.8
491.38
1569.6
-4325.7
1340.7
-2475.7
-1476
-4732.5
1956.4
-2889.9
2498.2
571.7
3571
-4004.6
2423.3
-4841.7
-96.405
-3874.1
-4709.8
-1168.9
-4613.8
4701.7
5022.4
5059.6
-4802.3
611.75
-3286.5
-1675.1
3696.6
-3136.1
-3189.5
-4307
4519.4
-339.42
-2080
-2616.2
4523
-2581.9
-4793.3
4931.1
5023.7
296.89
-3138.5
-3978.4
4128.1
-32.756
-4643.9
-5216.4
-5336.5
-4183.6
1344.3
-2090.8
3104.9
-2407.8
-4278
-4374.9
1782.6
4751.8
-5275.4
-294.87
-4520.4
-3652.3
-2354
3874.3
2498.9
-2083.4
-1189.9
5263.9
85.455
-3330
-2553.4
566.12
-2534.7
-2090.1
-1339.9
1938
5076.3
-794.5
1243.4
4188.6
-4519.1
1180.9
4681
5434.2
1288.6
-5181
-5170.2
-3145.6
5044.5
3283
-2099.2
-2563.1
1181.2
4118.7
-4915
3947.9
-4673.9
-3297.6
-1019.9
-3872.4
-3851.2
499.04
-4669.6
-1546.3
5125.3
-873.21
-1682
-5083.7
-1392.8
-647.37
-1234.1
2929.5
-4480.7
-1345.6
1361.9
4527.9
-161.2
5303.1
-1664.3
5412.1
2657.4
2567
-1104
4197.9
4938.5
-4862.3
302.21
-5388.4
1181.8
1739.1
-4687.8
-1636.9
2633.5
-5306.3
4189.2
3419.4
-5231.8
4783.4
-1047.7
-205.45
4866
3119.7
-3936.2
-1169.9
1549.9
-4796.3
-2040.1
-5400.8
4186.6
-2005.4
3300.9
3445.6
-3386.5
-4797.5
1137.4
-3733.5
2827.4
-778.34
-2166.7
-637.93
1381.6
-2344.1
4629.4
-2090.6
3089.7
-423.7
1155
1089.5
-4231.3
-2517.9
183.07
-2105.5
3073.9
-5253
1156.6
4562.5
4578.4
4703.1
2141.1
442.41
1409.4
-3124
3990.2
-4124.1
-5275.8
-1975.5
1255.7
-2074.7
-2469.9
3637
2432.7
2910
-1272.4
-5485.7
-3654.4
170.43
1031.9
1021.1
-4162.5
-5147.3
265.88
-2129.5
-4783.7
-2807.6
-3226.6
2677.5
3554.9
5277.8
-2374.7
-5168.5
4357.9
2428.2
2847.8
-3371.7
-3652.7
3843.8
1768
-3870.2
1599
3887.1
3089.7
5141.2
-4571.1
-2548.7
2937.2
-3805.8
4327
192.14
-887.64
4970.3
4330.2
3030.9
-5316.5
-4672.2
-130.71
749.25
-4080.1
-2543.1
-1145.1
1258.3
-5367.7
-1113.5
470.46
-1934.3
4168.7
-1161.5
-817.65
-825.76
2149.7
2568.1
-38.184
1008.3
5006.3
-3484.3
-2294.5
-3421.7
-2237.3
1761.7
-4640.1
-3036.3
2202.6
649.66
340.12
-590.2
1048.9
-4387.8
-3056.3
3043.2
1331.7
-241.47
3598.9
-3912.6
353.5
3693.1
4263.8
-3286.4
-418.45
2473.7
3278.1
418.51
334.9
-3131.3
3989.4
-434.46
1411.8
-1083.1
-1333.1
-3376.3
-4171.5
4919.1
-674.79
326.11
3060
22.961
-4288.4
-741.2
-5177.9
5100.7
2677.5
2962.6
448.43
4731.3
-5282.6
1181.1
1059.4
-1010.8
-817.19
-1650.5
-4101.9
-2316
-472.54
-4856.7
-1783.4
5334.6
1611.8
130.79
4221.4
-3696
-2688.2
-2457.3
-5435.1
1871.3
-2682.4
5190.1
-2188.7
477.21
574.41
-2656
3447.1
9.0124
4957.9
-2336.4
-40.39
-3154.4
-4132.5
-369.91
2800.8
2266.3
3525.1
5128.1
1526.5
5249.8
-1103.8
567.93
3909.4
4156
-4959.2
-1977.7
-130.53
-1459.7
-2549.9
4499.8
4471.5
624.1
-3815.3
-2932.1
-2072.3
957.67
-4795.4
-3420.2
1281.2
-4036.7
-4533.6
-2394.5
-3082.7
-3371.8
4602
-905.95
580.19
-2903.8
-1889.4
4716.3
3190.5
-882.23
-957.76
-2883.2
3300.3
5059.5
5066.6
1190.6
688.12
-2716.5
-79.92
5363.8
-3078.2
-4492.3
-1339.9
-808.2
-3033.5
3941.1
977.46
-2743.6
226.37
1796.2
1482.8
-5051.1
-1938.7
4655.8
-4752.6
-668.82
-4953.3
-4099.7
-259.44
-710.25
724.17
5290.6
34.776
1169.2
1106.9
-712.64
-3556.4
-2731.4
-2163.2
-3384.8
2131.7
-3306.7
2306.8
1129.1
1935.5
403.13
-3315.3
641.2
1615.4
2929.6
34.261
5249.2
4320.1
2766.8
-1393.5
276.33
3843.4
-3203.8
-4572.9
1480.1
1180.8
-102.46
2883.5
1604.7
-680
-625.52
3972.4
1323.7
-4270.6
-421.77
-5081.9
1418.8
-3734.2
3228.5
83.691
-3380.5
-4766.6
5222.6
915.35
-4399.6
4306
-3663.5
-3516.2
-1481.3
-4512.1
515.84
-3159.8
1816.8
-1337
-4331.1
-603.86
2510.4
1030.6
3252
5420.1
-5418.9
4005.4
4234.9
-1412.9
5469.4
-5499.2
1703.7
-259.95
-527.37
-821.85
-5025.8
1224.2
-2673.9
2345.8
4320.5
-56.538
1837.5
-4212.2
746.41
5173.6
-4814.5
-994.07
4610.1
2326.5
-709.81
4417.1
-3930.1
1330.2
-2785.1
-1747.9
-3620.9
-4422.2
-4597
3835.5
1158.6
2850.1
1227.3
-473.13
-70.701
683.82
514.47
-590.12
-4547.5
2503.4
-3928.9
2477.7
-2495.1
898.66
4002.5
74.268
-2863.3
3211
-2001.4
-2436.4
-1150.5
-2826.4
5026.2
4504.7
-3371.3
1667.4
237.26
-5255
-4314.1
3025.3
2304.2
-2221.8
598.92
4898.8
5296.7
4851.7
-3574.8
-2549.7
3027.1
-2022.9
3770.6
-2502
4272.4
3520.8
-4430.1
-5388.1
4268.4
1872.3
-3077.1
-1552.5
1123.6
4540.8
110.88
51.149
1563.9
-1757.9
1264.6
2067.2
1674.5
-1146.6
2113.3
4937.7
126.67
-2063.5
4931.5
-117.23
3529.3
3173.7
-4999.8
-598.14
1758.8
2660.5
3292.6
-4506.6
-1337.9
3341.7
1053.7
2731.8
171.5
-835.81
-2413.9
4112.4
1169.1
-3959.7
-3355
-4797.1
222.03
1612.5
-2064.3
-1132.4
-2851
-5131.5
572.46
-4765
-265.57
3147.1
5076.6
4559.7
-3811.8
-5334.4
304.84
-4695.5
5294.1
-3777.4
-4636.6
-591.08
1156.6
-4158.9
-4814.2
-4752.4
2955.5
200.99
-2983.7
-1448.8
4888.2
2783
2860.8
-2887.7
-5201.3
4295
-822.33
743.5
-1191.5
5116.7
3447.4
-3485.7
2591.6
1991.2
-5118.4
-2379.2
4414.9
5373.9
3954
5230
-3725.3
-4861.9
-647.97
4558.4
2312.6
3649.6
2961.7
-4887.8
5195.3
91.443
-4290.1
-647.93
5187.6
4764.3
2123.4
-1415.6
-622.03
441.78
1115.5
1443.4
-4150.5
5253.6
4540.1
2475.7
3263.9
2801
4477.4
3874.5
2905.8
1166.7
-1078.6
5006.4
1207
1475.5
4383.5
-4386.1
-830.83
4804.2
-2065.8
578.4
1063.1
-903.01
-4617.1
5437.7
3198.7
553.73
1942.1
4525.4
-2146.5
-140.49
4160.4
-5289.3
381.12
5170.1
-2494
4484.4
2564.9
5432.8
4198.5
-1254
4539.1
-4604
796.5
-3318.4
3215
4972.9
3482.3
-2197.6
3943.7
4367.7
-163.34
-4781.3
1051.1
-1718.4
881.98
-933.9
-2643.3
2300
-4189
-4642.3
617.65
-4332.6
-4904.6
-2448.2
-4066.7
-4995.2
-341.71
1114.8
1306.7
-2036.9
-3541.8
1042
3505.4
-5474.8
3217.2
4107.9
-2834
3972.4
-1923.3
2898.6
2071.2
3534.9
-4269.1
2345
2652.5
605.97
1873.8
2045.2
1405.3
-3421.4
-3062.6
3199.6
-5003.8
-5028.5
-2730.7
-3609.8
-1748.8
3249.3
-5062.4
4767
1112.9
4641.2
4233.9
3432.4
-934.53
-3335.3
-3179.1
1252.3
1777.2
4549.5
-5115.2
4475.8
907.16
-5488
-3138.9
-1236.2
-2620.4
-790.04
742.26
2041.4
5024.7
2731
3792.3
2283.7
4148.7
-721.32
-1397.7
-1316.6
-656.91
-2147.4
-4388.9
-2283.5
4228.6
2020.1
5217.5
4305.5
-31.024
-1657.8
3266.1
-2280.5
4135.7
-3226.5
-1633.3
4249.6
-4635.8
-3373.3
-343.58
4619.1
-124.9
330.73
1184.8
-4281.2
-2757.6
3345.5
-2170.3
-4868.7
4409.7
-337
5079.7
-125.08
-4107.7
-5438.6
-1935.3
-3910.1
-194.92
-2895.6
-3460
-2596.3
2160
882.56
-2596.3
1947.9
-4655.7
-2654
-2372.8
4945.4
1497.5
2715
3003.6
1158.2
-2307.8
-1679.6
-973.12
3619.1
-4412.4
-3001.8
1790.5
3460.2
-1889
-721.85
4155.4
2160.9
-2145.2
4632.6
5469
-4074.2
-4507.3
4718.6
4228.6
-1730.5
5330.2
3239.6
3081.2
-1968
1809.4
-1788.9
-5145.2
-3203.5
-3099.4
1314.6
3289.7
-2062.4
-5425.4
5373.3
-2082.1
3098.5
872.62
2087.5
-1730.1
-4756.7
-2887.4
3366.7
197.76
4500
-1297.3
2842.1
191.18
2283.7
-5023.6
-587.44
-3675.2
4187.9
-915.52
-4462.6
4912.5
-1231.6
-4696
-907.66
2223.5
5054.3
-3795.9
3196
5454
-2151.1
5069.1
-1148.3
-2529.7
5475.1
554.7
-4629.4
4379.9
-1117.6
1674.6
1958.8
1702.8
2695.6
40.438
1158.8
2229.2
-1323.7
258.72
-718.57
-3004.6
5232.4
-1777.2
3178.7
1456.1
-570.97
-4106.7
2375.2
350.9
3319.4
5311.5
839
-947.93
5451.9
4238.1
-371.21
5146
-3784
4207.6
480.44
-3478.8
-2363.8
658.21
4462.5
1647.5
-2692.2
3365.1
990.7
-4378.6
5281.5
-3433.5
3721.3
-346.16
-911.38
2189.1
103.57
3914.7
-4208.4
-3694
355.93
1749.4
-4113.7
4394.3
1480.3
-976.45
-4395.4
1515.9
1340
1623.1
-4468.7
4952.9
1130.9
-3022.1
-3777.9
-3156.4
2483.3
-3709.6
-2741.8
3783.2
-4349.6
-1506.2
1097.5
-1557.3
4405.8
-2542.6
-3532.7
-2948.3
-5206
606.81
3346.7
-1413.4
-373.43
1287
-2213.1
-3997
2875.1
-2535.5
-583.6
4248.5
-4223.6
2856.4
-3042.4
3506.6
4117.5
4806.6
-3712.3
1992.2
4921.3
4937.6
-5048.6
-5148.7
-741.99
-3984.3
-3046.9
2905.9
-1267.4
386.33
3901.5
4773.3
2013.7
-5192.5
373.67
1182.9
5294.5
3930.5
2854.1
-1910.6
2140.1
2519.5
-3579.3
821.14
3671
-1936.5
1913.6
-4021.7
-4123.8
-559.49
5394.3
5280.6
1505.6
-2530.8
4424.6
2573.5
-4343.4
-1663.6
-2376.9
2401.1
-4534.3
1057.8
3103.7
-5101
3838.9
-1531.6
-741.44
5132.5
-3108.2
1338.8
-1583
2564
5039.9
-832.03
2241.9
713.24
-5416.8
-3281.9
-1529.5
-4289.5
-512.12
-1557.6
-756.53
1925.7
-4631.1
3052.9
1445.3
4262.5
-4772.7
2934.8
2935.1
393.07
5260.1
3799
4743.5
2850.8
3417.7
-583.47
5365.6
-3621.6
957.63
-119.58
1960.5
1287.8
-104.37
-4576.7
4169.2
-2205.8
3237.4
1088.7
-2203.2
5410.1
2032.5
2711.7
-2766.6
2295.4
3179.4
-4350.3
3813
-1344.8
-4121.7
606.44
-923.65
3128
985.67
1026.4
-787.82
-2580.8
-211.68
1135.6
5011
1404.1
-4816.5
4385.9
-2085.5
-4661.5
1196.6
-5499.2
-403.8
4972.7
5038.8
-3743.3
1022.1
-2136.1
-1794.3
-4543.7
-2004.9
2459.2
2389.5
-803.1
4370.4
-4972.5
-2246.7
-4002
4012.6
-5175.4
1156.6
-679.85
637.88
1139
3396.6
-140.41
-1051.9
-3805.9
1848.4
-4810.3
-594.62
-4064.1
-3076.3
-849.69
-3552.8
563.83
4398.3
-408.22
-1531
610.69
1981.3
3680.9
-5043.3
-2493.9
-133.41
269.09
-3079.7
-2230.3
5210.6
4315.1
1616.8
-1046.4
-4797.2
-1638.2
5409.9
-1580
4554.8
-681.08
2462
162.49
-4838.1
-2078.8
-3838.5
-4722.8
2198.8
-5446.3
-359.83
-3073.1
-2765.6
4816.9
4539.7
3081.1
-3390.6
163.42
-1349.4
2529.4
-4206.6
2124.4
-911.16
3353.3
4552
-3685
-2829
1268.8
1763.7
3857.1
1988.5
2092.4
-2564.5
-2050.4
-18.262
-3647.5
2022.7
2260.7
5434.7
-73.114
1706.1
-2200.4
3202.9
3007.2
-560.25
-3176.4
5018
4304
2019
-5220.7
-740.64
4785.9
967.25
1689.2
-206.25
-1828.2
2946.3
5074
-2483.3
-2726.6
-2864.7
3585.2
-3367.4
5342
3883.3
-913.65
-725.57
-4411.3
-4957.1
-9.4938
-884.36
-4959.4
3941.3
-3548.4
989.84
2848.1
5127.8
-4812.9
-1779.1
-5030.1
1548.1
-5009.1
-4937.3
-2506.4
1160.1
2602.6
4229.4
-5439.6
-2614.4
2002.7
-0.55872
-2436.2
-2338.4
-5433.3
-1444.4
-5266.9
600.2
3204.7
-3302.1
2415.3
-771.16
-4718.8
3332.4
4533.4
-4053.6
3053
1385.2
-3266.8
5220.3
-2797.1
1858.7
4898.5
2163.1
-4360.8
165.61
-595.28
318.32
-183.29
-2653.2
-2592
-32.242
1279.1
-4807.7
4467.8
4550.4
3047.6
-3312.6
3177.8
611.35
-4857.4
3735.5
2657.5
-1921.6
4101.9
237.16
-340.87
-3014
-5331.8
-4816.6
470.57
-701.42
-2376.5
2529.8
1674.3
-1291.5
-4366.6
-1348.1
3251.8
3847.7
3905.4
-2586.7
690.08
-1173.6
-3991.7
-5419.4
1201.8
-870.93
593.28
69.067
-4039
1662.6
-2061.4
-3855.2
3663.4
-4738.3
-4156.3
-4496.6
-1734.2
1699.6
2209.4
-4559.9
-2569.2
-2197
-1866.1
1015.8
-2590.2
2626
3858.1
686.75
-1839.2
-458.69
791.49
4781.7
4924.9
-647.94
2232.9
1234.7
3315.8
705.02
980.74
3887.7
-4330.3
-5289.2
4478.9
4897.1
-1431
-4448.6
-2446.8
-11.875
-1654.4
528.74
-1259.5
-2412
-4099.9
2784
2443.2
-2541.6
-4794.4
2223.6
567.41
903.64
464.14
-4210.7
2913.2
2119.7
-4112.2
-1244.7
-3318.1
-1757.3
-1396.6
13.307
-1721.4
-4201.7
170.11
3996.8
-474.3
2982.8
275.02
4107.2
-4964.1
1455.6
-3169.9
-806.51
4573.3
5015
287.22
3476.3
2868
-1125.9
-5078.5
4929.1
354.88
-1759.6
2501
609.99
1212.9
201.92
4169.2
3368.3
266.58
1652.6
3926.3
-4362.1
3289.4
-82.274
799.08
2658.6
3158.8
340.2
5346.6
-2147.5
-3230.1
1736.3
885.11
3793.6
2233.5
-5060.6
-4208.9
-882.69
5204.7
345.32
-3666.7
-4367.4
244.61
2817.1
-5471.4
-2635.9
2588.6
-1722.7
1824.8
1909.8
-1332.9
175.18
-2555
-1388.7
-4590.4
-1407.3
-2176.1
-2642.1
5366.4
4875.6
4675
3922.6
-4319
1700.5
-5266.1
4746.3
4128.3
4229.6
4318.6
-3167.5
-1525.1
-1272.6
-1173.2
-3196.9
1039.1
4763
-3281
2851.4
4741.8
-4878.5
-2422.1
5091.3
-17.352
-2334.7
-5375.4
985.28
-3628.9
765.54
5141.9
-1930
4014.3
3723.4
2743.5
1848.9
-2352.2
-1799.5
-637.17
1940.2
5034.6
3671.3
3634.8
-2214.4
3647.9
-2641.8
-3445.9
-3413.1
-1274.3
-2100.7
-2405.3
346.66
277.79
2363.5
-554.01
-4009.1
1492.1
1846.7
-3933.1
2110.9
-14.73
4453.9
2931.7
2148.6
-2393.6
1307.6
-5324.1
5366.5
1452.9
3390.4
1814.7
488.18
4104.8
4746.1
-1856.8
297.67
-1555.8
-4584.9
-2867.2
2201
3591.1
3616
1757.5
-896.92
4695.3
-263.34
374.64
4427.2
3085.7
-1207.6
4118.6
-3347.7
-2117.6
3479.7
-811.63
1842.5
-2191
2577.5
2186.5
-321.89
277.96
-2469.3
3245
-1667.9
1984
-677.9
3669.5
2573.8
-2286.5
-5226.7
2046.3
-29.121
-1317.4
2449.3
2126.1
2885.3
-1876.5
887.08
-3356
59.617
-316.71
-635.08
793.1
-4561.2
-2793.5
-1000.1
-1020.6
473.26
1777.5
-4052.8
4809.2
854.03
-2783.5
-2256.5
1482.8
-2762.3
-562.08
1483.2
-670.85
2138.2
-1423.3
4286.5
1428
-4299.1
-4313.2
4827.3
4726.4
-2123.7
-5386
2808
1164.5
4871.4
2211.9
4112.1
5301.1
-2381.7
3530.9
-5115.8
445.79
860.38
1566.1
505.04
-2901
-2643.5
1557.3
-1223.6
2641.3
-1589.2
5460.7
-3784
-829.68
-3999.7
489.12
1079.4
-496
4880.4
-789.53
-1308
-4437.1
3562.7
-3234.7
-684.48
430.98
-5424.9
-578.68
3995
-2368.4
-2600.6
-1445.2
4690.5
-3874.9
-4102.8
1893.3
5062.5
-83.427
-329.99
-1869.9
-2794.9
-5143.1
-1446.5
4989.9
2038.5
-4270.3
-422.92
1762.6
1728.9
4369.5
-1813.1
3341.4
4034
929.31
-3672.7
-2646.5
-4728.1
605.49
-992.34
-915.79
-4440.3
1208.9
3750.9
-2120.8
-4963.6
-1463.3
766.87
992.66
1547.5
-1475.7
2655.8
2828.8
-2960
-4042.8
-3144
-2444.5
3111
1239.4
2093.7
-2111.7
-3116.3
2596.2
-1584.9
4703.7
-1326.7
2187.6
5082.6
422.7
4246.1
-401.42
2824.5
3334.3
-4537.8
26.642
974.18
-3226.1
-4414.9
-1968.8
-3808.9
-5414.4
2002.5
2411.8
-4178.2
-3906.9
-4015.6
-3419.7
-5083.5
173.09
5447.2
-3834.2
2652.9
-325.32
-1024.6
4083.9
-5342.7
-2893.1
4688.2
-626.64
2366.7
3107.2
-4976.7
-365.33
-5008.1
4390.4
3712
-3396.9
-2680.3
-2273.9
-3271.5
408.65
-3379.9
-1022.9
-2201
4550.3
-1823.7
-5130.5
-4266
-4892.7
5009.8
2818.8
2628
3829.4
-4236.8
1835.1
2406.9
-4884.7
-2212.9
946.99
-3879.1
-4317.6
-5082.5
-1395.4
478.02
-3433.1
-161.62
4805.6
4984.1
-1654.4
-1748.9
-4473.8
-3409.5
77.346
-4933.7
932.77
-713.55
-5318.8
4394.9
-5177.4
-1755.6
4443.9
-1411.9
-3245.3
4228
3098.1
919.56
-4102.3
4518.1
3552
-1245.8
4793.6
344.18
-2416.2
-1007.7
-3719.1
-654.76
-3185.3
-4950.9
-2533.1
2728
647.1
1227.8
-4723.4
-5130.5
1737.5
5235.5
3056.2
-5267.9
-1016.9
-2964.9
4618.8
-2372.3
-7.507
-2917
-2187.7
3585.2
3460.4
582.36
86.036
2175.2
2213
-5380.2
-5123.1
1686.6
-2420
4276.6
3146.7
-1061.9
2290
-5382.6
476.13
-2592.1
1517.1
4341.1
-3224.7
-3810.8
-4084.9
-510.85
-4512.4
-4658.4
2724.8
-2144.4
5302.5
842.85
-2286.9
811.13
5040.2
-3853.7
-4255.9
3218.2
-4628.9
3029.5
3728.4
2179.6
-1135.1
4649.6
1424.8
-3120.8
1958
190.84
3881.1
-5317.7
4885.3
3849.7
-724.89
47.958
4490.7
-4040.3
-2002.4
3620.9
4543.2
-3646.4
-1669.1
2545.3
-1832.6
-3664.2
-479.92
1539.2
-798.29
-2256.1
-4838.1
555.14
-2149.4
1882.1
-163.3
3181.2
2931.4
-3186.6
-377.02
-3266
-5309.5
4559.1
366.44
-3304.6
5132.3
-601.6
3237.1
-4063.5
3642.2
2626.4
2546.2
2358.3
5324.5
-2535
4735.6
-4794.9
-559.11
3027.5
-4533.2
4049.7
1540.6
-1675
-500.93
-5312.7
4816
768.15
-1054.5
4031.5
-3613.8
-3640.2
4417.8
-4048.8
1775.9
1071.8
-3414.2
2346.8
-2529.8
-3072.6
1515.1
-83.365
-1986
-3940.3
-2330.3
-4254.7
-2377.1
427.63
-692.09
4601.7
-4224.8
-2133.4
675.9
-330.56
-893.54
-1567.2
2751.6
2806.8
-1674.7
3906
545.25
242.13
-650
-2624.8
-443.16
-3344.6
2657.7
-4322
-495.93
4448.6
1142.1
-4496.7
523.81
-2905.4
-4631.2
-3560.7
5173.6
-1850.1
-5225.6
5381.1
-1133.6
804.98
-3899
12.585
-1029.8
3403.2
1915.3
-3496.9
2969.2
-671.12
-3114.8
16.983
-1492
-4148.7
2602.9
-4341.3
-839.38
-4413.4
-3810.1
-4059.9
1793.7
3263.3
-4764.4
4495.5
5387.9
5361.6
1672.9
3275.7
-1350.4
-4840.9
-1282.4
5119.1
5011.6
-1131
-1519.6
-597.7
-4972.1
2934.4
4756.8
2803.9
241.79
123.62
-2955.6
-4554.9
5338.1
1230.6
2954.1
-3109.2
-2611.8
-3078.7
168.26
-955.33
4979.6
-4028.7
4650.5
62.617
-3426.8
1219.1
3716.9
-4604.2
-4017.5
821.61
4783.1
1854.3
2230.4
-1002.2
-162.24
3938.9
-2019.8
4068.7
-5223.3
2460.5
-2624
-3140.7
-5137
-1576.6
-2591.6
-4051.5
-2151.6
1752.8
2993.6
4699.7
2062.1
3811.8
3766.4
2846.8
4118.7
203.5
-3525.5
-4989.3
-2940.3
453.83
3927.9
-3937.5
3052.1
-5221.4
-1504.8
4176.3
497.68
-4405.6
-5123.4
-3673.3
-929.66
2126.4
4534.9
-3248.1
959.21
1584.9
-549.78
2914.1
-3925.4
4192.5
-243.48
2571.1
368.28
-1688.2
-5267.9
3673.7
-5135.7
-4455.8
244.2
-4079.1
2439.7
-3562.1
2365.1
983.17
-506.09
-2640.4
1064.2
-2428.7
3424.1
-1436.9
5041.6
-818.71
-1777.1
2969.7
5416.3
-1370.4
-3701.5
3399.1
-1887.7
-1624.4
57.124
743.99
1250.9
1598.3
-2301.4
553.02
-4065.3
-4323.8
-3425.7
456.31
4860
2404.1
-2768.1
3323.4
-4820.7
1711.9
497.66
-4526.3
-1457.1
5323.2
-1571.5
-934.81
-4349.6
-3890.5
4799.9
-2827.7
-1907
-79.265
-2336.8
-771.72
4751.1
-2310.3
2453.5
255.75
5060.2
-4779.9
-2256.7
-3592.4
4163
-1799.5
1409.3
4708.6
1309.9
-3200.4
-5454.6
1054
3029.8
-3525
-4005.6
-3913.2
-5165.5
-2939.2
-4879.7
-3474.7
183.7
-2513.3
133.61
-341.73
-3133.6
1167.5
4044.6
5219.9
4939.9
3041.4
1002.7
107.67
3284.3
-406.36
2673.4
-4171.4
4673.4
431.46
-2688.1
628.28
2027.5
5208.4
-4661.7
5194.7
-177.93
-3099.8
-2796.7
5061.5
5166.2
276.05
1522
-622.53
3545
1727.5
-3768.1
-4343.9
1968.5
4906.8
147.42
5361.7
3872.2
-5280.5
550.83
-282.57
-1920.8
-789.4
2943.8
2826.5
4186.2
-2559.3
-5004.9
4683.5
3675.6
3914.6
-3324.5
3161.2
-3614.1
-1923.9
3182.3
2051.1
4752.2
1175.7
326.72
2730
-3309.7
-5201
-682.07
5273.3
1719.6
-269.5
-3299.7
-4757.1
3592.9
4560.6
-2801.6
-524.74
-386.65
-5371.5
-931.7
1058.8
4834
-2510.2
1741.7
391.76
1951.7
-366.97
4591.3
4721.6
3533.6
-4283.7
568.33
-2049
-1983
263.46
2863.5
-62.021
-2191.1
1977.9
420.9
-2827.3
1182.3
-3010.2
4795.9
2173.9
-2362.4
-2277.6
-3794
4153.8
1615
-3096
1419.9
1729.4
4922.8
2515.9
2059.7
2838.5
1566.5
330.99
-2479.7
2859.4
-3671.7
-4435.2
3332.1
3241.8
-1521.4
4250.1
2844.4
-41.526
-2321.4
-2110.5
-3965.1
614.04
-909.12
4172
-385.31
-1956.6
-3981.8
-5219.6
5266.6
5291.7
-3352.2
407.84
1385
3209.5
763.45
1381.6
5315.2
-3436.9
-4080.3
-4973.3
-4845.1
-3611
-2150
-3251.1
-5064.8
1550.3
-4872.1
-3139.6
-1159.8
4169.4
2227.3
1582.4
-1311.8
-1023.5
-2955.1
4173.4
-5105.8
969.92
-1117.8
-2179.8
3094.2
3665.6
-4547.1
730.71
-4448.3
-5216.4
624.87
1394.3
-3183
1671.7
254.91
-520.34
-1108.5
-2277.4
2641.4
-67.56
2784.6
-3994.3
-1332.4
5374.8
3494.1
3497.7
-1317.1
-2871.9
-2880.4
-5052.9
4867.5
-2844.2
-5332.2
-1849.2
2919.8
-3095.1
-3073
-1104
-844.03
-5006.5
-3285.3
-2951.1
558.25
5389.2
3864.2
267.31
-2602
2315.9
1557.7
623.49
-940.48
958.17
-4123.3
-134.37
-2073.8
1.0789
-1918.6
-5332.6
4794.1
-1886.8
-3921.9
-600.51
2603.5
363.99
-3773.4
-686.67
4694.2
3988.4
485.79
3167.7
-5479.9
-702.67
-3885.4
-1065.7
-4004.2
-466.89
3930.7
-3331.7
2941.2
-1734.9
-876.02
390.53
5482.1
-3409.1
1979.3
1500.5
-1291.3
1023.7
1684.4
-3816.6
-45.835
-2328.5
4920.7
-3969.3
-5164.3
-1137.5
-3709.4
1030.1
-31.452
-4028
3638
-5447
5203.2
3022.4
-2402.6
-1020.4
-1574.1
-2694.1
3444.2
1753.1
520.05
-4429.6
-2034.8
-343.56
-2629
2101.6
-2391.9
4414.6
2775.1
4918.5
3766.1
-288.69
4721
2520
1003.1
3817.1
-1706.6
-2019.5
529.1
4574.5
3140.4
-3950.3
1302.1
-1374.6
-3748.2
3158.9
4777.6
-503.12
-4038.5
-3216.2
2944.2
2484.3
-669.45
3911.4
-1635.4
-4375.4
-3093.1
-1172.5
-3500.7
3130.1
-402.39
1382.1
-5169.2
-2028.3
3002.8
3253.8
2388.1
-1167.5
329.73
-2016.5
-3407.5
5486.3
4494.3
-5172.5
1946
-3805
4942.6
5389.3
1694.9
4001.5
-3682.1
97.84
-683.55
-1329.3
4064.4
-2702.6
3650.2
1056.2
386.86
-758.46
-1894.5
3821
-1350.7
3104.5
-3061.2
2262.2
-2447.7
-3970.9
3694.7
2143.9
-2259.5
-2215.1
3088.7
2598
-1043.3
-3744.9
-5163.9
3558.5
-437.05
246.39
-2214.2
-3681.5
-1744.8
-4397.4
3978.9
4210.8
-659.44
-5144.1
-1611.6
2987.5
-155.4
-4664
-731.42
3388.4
-4441.6
-2913.7
-1413.6
-2557.4
220.5
1768.1
-4541.4
-5044.5
2545.9
-4828.6
-2122.2
2491.5
-2722.5
958.98
-709.84
4575.7
-3554
-5111.8
-5480.2
1897.1
-717.65
915.33
-1280
-5479.7
-2392.3
-2264.8
4961.9
4292.4
-4077
2349.7
3669.8
-1987.5
-5191.6
-2352.4
-2371
-4712.1
-5379.4
-4773.3
-3713.6
3993.7
5087.2
-968.77
4422.6
-3614.9
-2516.7
2227.4
5212.6
1317.5
-2121.7
1473.8
912.49
3282.5
1624.4
4824.2
-2759.4
-951.18
4861.7
2809.3
-2127.2
5011
-3825.8
-409.61
4132.2
2462.6
3763
4385.5
4496.8
-4723.5
1240.1
884.44
-3675.5
-3666.3
1474.8
2995
-4986.9
2879.2
395.61
1154.3
-2528.6
305.01
4594
3566.4
-334.01
-4668
1891.6
1845.7
3211.4
4339.1
1489.8
-1967.9
4026.9
3229.7
4196.6
-4475.2
-895.7
2100.4
-1755.5
-5428
-2485.2
3091.6
-1028.7
3624.3
4535.7
1304
4332.5
5460.2
-1498
-1888.4
2634.3
1098.9
-2394.2
956.39
-2242.8
59.859
-4742.1
115.71
110.4
-3786.8
2130.2
1500
5222.1
-2327.9
-3130.9
736.45
-2022.9
1307.9
-3607.8
179.67
616.03
-4688.9
2994.2
-1066.2
-1182.7
3063.7
753.83
977.57
-2862.4
2262.1
-3977.4
2623.7
711.94
-1945.9
3880.3
-3660.4
-4624.7
-450.54
-724.74
-633.5
-5385.8
-2182.1
4575.1
-2243.8
2484.1
1329.5
1437.4
1652.3
-1858.8
-5185.2
3141.5
-4871
1521.7
4208.6
1833.4
2125.5
1646
4541.5
1958.2
-3306.7
3201
-3572.8
3493
2768.5
1193.7
-4995
3095.7
-3046.1
1953.2
-972.4
-2032
-79.898
-4455.2
3106.8
1363.8
-2516.3
4062.7
5339.6
362.49
3121.5
-1527.6
-4189.7
4449.6
989.96
4203.8
756.14
-4756.3
2644.4
-35.648
-5315.5
-3939.1
-2317.5
-3705.9
-4055.7
-1428.2
4109.2
-2498.9
-3450.2
4505.7
191.94
-5004.2
1898.8
28.209
1364
760.92
4812.4
1749
1195.4
-5144.5
-2225.9
1074.9
4302.8
-3510.4
5368.3
2848.8
4093.3
-2235.6
4412.1
3614.6
4467.5
798.56
90.437
-3957.4
1022.9
-2809.2
4578.4
-4284.5
-208.42
-1222.7
3153.2
-968.26
-2720.1
-5095.9
3595
-1630.5
-2374.6
2914.2
424.12
2960.7
3199.4
-4659.4
3847
-2895.2
-1442
2959.4
5142
-3374.9
-2054.4
1523.1
-1835.7
4343.3
684.46
-1639.8
3551.2
-4596
3910.5
-1933.4
1915.9
3771.1
-2641.7
-742.51
-4993.2
-807.15
-2826.8
4210.8
688.97
2971.6
1238.4
-4577
-2217.8
-2008.1
-2743.8
1849.6
-2776.7
-4935.2
-5093.6
-2175.9
1383.3
-2465.8
-2195.1
-4044.5
-2882.6
-1478.1
-3167.7
50.482
-1175
-4069.6
-5000.8
4299
347.01
-1017.4
1201.3
2852
-2324
-2294.2
1645.9
2817.8
4350.5
284.58
3262.7
-2909.4
-3933.8
3667.2
2682.4
-4252.4
-2462.7
1393.7
-3296.1
-2372.5
2830.9
-913.72
-4730.7
2059.1
2591.9
4085.1
671.26
-4020.6
-1499.6
-5070.8
-2631
507.26
-3820.7
-1191.9
213.66
4563.8
4451.5
3104.1
-3156.5
2164.9
1197.7
2784.3
4331.5
2015.7
-4973.6
-5346.4
4478.4
4040.6
-2091
-3188.1
-2832
-2227
2465.3
4416.1
3448.2
4270.3
1391.2
-630.52
2374.1
2616.2
3764.6
-3928.5
2882.6
-446.4
-4318.3
-3880.3
-1315.4
-3371.9
-1163.5
-5150.9
-2053.4
996.98
3470.5
985.41
606.41
-5078.1
-4240.7
2508.4
2618.1
-3200.6
1246.3
5052.7
-3291.9
2630.2
5236.9
-1889.3
-5067.1
-2873.9
4559.3
-2792
5329.6
1311.1
-1388.6
750.02
-2407.9
3802
2460.4
-4158.1
1847
1294.5
2562.3
-4841.1
-370.93
486.65
3239.4
99.233
5230.8
4411.1
-4809.3
-1446.5
-1319.2
2393.3
1720.3
1332.7
1947.9
4262
-4423.7
4334.8
1069.6
-2568
2024.6
-1575.4
-2982.8
-1142.4
275.31
-4967.8
1262.1
-255.44
792.73
-4212.8
2660.1
-3441.3
-1804
-4367.9
1555.4
-1404
4374
-1026.3
-4932.6
-873.18
148.99
-3455.8
-4877.9
2009.9
4697.2
4070.1
4866
-719.28
269.39
5044
-2139.1
3900.8
-3775.2
2729
-506.89
-3093.5
2546.9
-1044.5
892.59
-4945.2
-94.49
-2056.8
-4788.2
869.95
-1678.7
-5043.2
4029.4
-3614.8
-5358.9
3647.9
77.585
744.22
-2060.1
2140.4
-1133.8
-4902.1
-1464.6
4558.3
-819.13
1101.3
2907.6
4187.3
786.89
369.93
711.65
-653.64
-4101.7
-2696.3
252.95
4147.1
5279.3
4117.3
-4206.8
-4845.6
4050.7
4750.6
-4731.2
238.72
-2092.7
-160.29
4574.3
-3260.3
5034.7
-3229
-3084.8
4844.1
-3875
-3472.7
-3146.8
1833.7
-3130
4291
-2749.3
-4183
-1897.8
3580.4
1592.6
1045
-3174.5
-2606.3
-3725.1
4668.8
1249.2
5161.5
2985.5
-3860.2
3835.6
-594.79
-3782.6
-3248.4
-4130.4
3002.1
2023.3
-2455.1
5114.1
2472.6
-4555.7
3867
3594.1
-269.55
-1705.3
-5168.7
-1361.6
-1870.6
3904.5
-5022.4
3577.9
-3088.4
-4784.5
-2656.2
-302.66
-4805.4
-4747.1
3163.3
4512
-778.61
-4803.7
2419.2
2083.1
-5391.4
4357.8
-2266.2
-3707.5
-693.23
-2891.8
-320.93
-1194.6
-3942.5
-1623.4
4090.6
2575.7
-1079.7
-3510.8
3542.4
-339.23
5305.9
3572.5
-568.93
3277.1
3186.7
-1216.5
1804.8
4238.3
1268.8
2935.5
-4228.2
-4221.1
-1302.7
-4687.2
5072.3
4770.1
-4668.9
-4572.4
2146.9
-3774.6
-2032.5
789.65
850.63
-1625.4
-4487.3
998.01
-5161.7
-3679.3
-2530.3
924.24
3197.4
2772.1
571.33
-822.26
2950.8
5327
-2188.9
-300.12
-1971.8
-5260.7
3122.3
4430
1199.4
2274
2847.8
2923.5
4675.2
568.86
-3530.7
2507.6
-293.46
-3508.5
-4078
3263.8
-3616.6
-1101.2
-261.41
-3409.7
-649.21
5283.7
3342.3
-2953.2
-2664.1
-1022.4
-4292.6
-3173.5
5435.3
5304.6
-312.31
3882.1
4969.1
-4210
-2165.3
-4176.2
5032.7
3178.8
-4294.2
4208.6
-4378.6
4561.6
-3624.6
-4366.2
-969.21
-3281.5
4221.5
1346.7
-3552.1
4141
1601.3
-2744.3
-144.4
-4931.6
599.68
3076.9
-1570.5
-1164.1
-4902.8
4419.9
-174.8
128.33
2888.3
4728.7
-4427.3
-4057.1
-1670.9
-3307.3
-3263
-2845.9
-1696.5
-4210.5
-3367.5
-1051.7
1859.6
-751.68
3280.1
-3170.2
2885.8
5074
1193.6
-1721
281.92
1712.2
-3410.8
912.78
-2269.6
3242
399.97
-3179.6
174.03
1759
3880.4
-2504.7
5164.2
-2875.4
-5291.7
3328.8
-1222.9
5430.8
-4374
2120.7
4639.2
4754
-2194.6
-5308.9
5050.8
-2128.9
3386.8
1570.9
-4196.8
1363.8
4964.3
-5269.8
196.27
-1076
1079.7
-1193.6
-2807.3
-4264.8
-2569.7
-3452.1
-3876.5
4724.1
4087.3
2442.4
-1238.1
-4271
1756.2
-1555.8
-5388
-1875.9
72.283
4810.3
3076.8
3358.2
-329.18
-1410.5
-2680.6
1766.2
-3321.8
4272.5
-509.15
3858.4
4531.1
1275.6
1851
-5084.3
4743.7
-1858.2
741.84
-819.34
3125.9
2089.4
1077.8
2708.8
-632.25
-3841.5
-3340
2372.3
2599.2
4302.1
-1740.5
-4125.6
-3795.3
-4759
1082.6
2074.1
4407
4400.5
-5038.7
-611.59
-1863.4
2341.3
340.52
3524.3
4041.2
556.96
3850.3
-2876.9
-4015.5
4448.1
2245.6
5036.4
-1474
-3064.3
2587.8
-853.54
-1616
-5126.7
1335.1
-3130
-5159.5
-4758.3
1500.7
-1162.3
-2377.9
-3364.4
-2777.8
710.13
5419.4
-237.86
-4794.3
640.7
4777.4
-3480.6
4540.6
-533.92
1350.5
4698.6
3656
5095.4
-4247.1
2072
3967.2
2000.3
-3850.3
3465.3
2023.6
2549.8
1267.6
201.03
2684.2
-3729.8
-4335.3
1271
-5426.4
-4609
-4490.2
-4710.2
-5059.3
4893.2
1106.2
-3590.8
-3419.7
-104.02
-3467.2
3847.9
5343.1
4951.1
-576.03
-3910.9
-3501.2
-1030.7
365.8
-5473.4
-2675.3
-1563.7
3087.6
-2181.4
4630.1
4174.2
2775.4
5415.8
225.48
3136.2
499.42
2060.6
-4594.2
-1045.3
-1044.8
1300.9
3793.7
3444.6
3953
-4231.1
-3799
5109.2
3058.5
-4247.3
4679.5
-5157.1
4952.3
-738.08
-2967.2
5290.9
1438.6
1501.8
-1243.9
-464.1
-1560.8
-2143.7
1595.9
226.71
1311.7
391.1
-1360.6
-1463.9
4374.7
-5325.1
3846.1
2889.8
-80.107
1674.6
4441
817.55
-3831.6
384.33
-0.22278
-264.1
-4961.3
-5065.4
70.78
4169.6
-3284
3544.3
4328.4
-854.79
1064.6
3102.3
5332.5
3077.3
-425.86
3268.7
2774.5
5441
37.421
-5334
3156.6
2414.7
-5360.4
1462.8
4842.9
-1339.6
990.55
-194.2
-436.3
4511.8
1662.8
-2925.7
-1178.9
-1181.7
-1684.2
-1387.6
-2879.6
-3188.7
351.85
-9.6744
2533.8
3354.2
-2914.9
-2373.8
-493.63
4696
920.48
-1108.8
-3142.4
-1684.3
-706.91
-2362.8
2010.6
-4581.7
4606.4
-857.73
-3453.7
1738
-3300.1
2129.3
476.68
-1026.1
2536.9
3130.1
-311.51
4522.2
4895.9
-2832.5
-66.129
576.03
-2671.3
886.86
3879.3
5335.1
2008.9
-1663.2
-4989.6
-1573
5304.7
-1028.7
-734.76
1655.2
-1055.9
1050.7
4807.4
428.06
-5381.8
-4366.6
-3457.4
-5394
-291.62
-2800
-3242.3
-429.27
-648.97
793.07
2396.4
800.01
-1407.1
2674.4
1391.4
-4179.7
4956.9
-2727.9
3721.1
-1430.4
-2510.8
5438.3
1939.7
-4253.8
2404.9
317.9
5385.5
-1498.2
3786.2
2830.9
-261.36
-4011.9
3812.5
1913.9
961.02
-2757.2
2370.1
3469.7
-1690.3
-2185.6
2688.8
-1882.8
703.05
-3725
484.34
-1175.8
909.58
1125.2
3986.5
-4265.4
1430.8
2601.7
1635.8
1166.8
2345.8
4618.6
-1881.8
3371.9
-3594.3
4832.7
1756.2
1391.3
-649.25
-581.33
2280.6
1322.2
4265.3
2511.9
-4961.8
3941.3
1888.3
5075.3
-1255
1011
-5365
-1537.6
5264.4
556.34
2007.9
-657.82
2927.2
-2667.9
-4953.1
2525.1
513.26
-4147.2
4114.5
-569.39
-3947.2
5190.7
2816.4
2823.2
-5039.4
-256.87
-1585.1
-4739.3
-3236.2
-2492.2
-2137
-2718.3
-4048.9
-609.58
-3632.2
-526.17
4266.7
3109.2
3257.6
1894.8
-4130.8
3109.3
-306.51
-3519.2
998.4
-3097.2
-1515.1
3638.9
-648.75
5010.6
-2568.6
671.86
-2190.4
-2376.5
-4274.6
5458.1
3178.6
3597.8
-5105.6
2479.9
-1384.9
836.11
-5021.4
-1081.8
-2831.1
4325
4665.6
-3849
4523.9
-4510.6
-3574.8
-231.75
2651.8
-4726.2
4805.2
4299.3
-3711.6
2723.2
1737.8
1074.2
3517.4
979.66
547.13
5453.7
5127.9
3056.2
1435.5
4640
-1380.7
-5084
3694.5
-1502
-4218.1
458.62
-2682.9
-2039.3
227.66
-3920.3
3901.1
4719.3
4417.7
-333.59
-4588.6
-2079.2
-3178.2
3273.7
-5333.5
-3095.6
-2793.9
-4047.2
2798.3
2314.8
-534.72
1272.3
1442.1
-1059.7
-2122.2
1434
-5022.4
-3561.8
4084.1
-2514.2
-3767.9
1876.4
3585.6
-127.75
2614.4
-2759.4
-1765.4
-4101.4
4674.2
-1296.4
1895.8
-3289.3
4310.2
-2747.9
1380
3517.1
4503.8
4907.6
-4457.1
-1948.5
4927.5
2022.3
-2025.3
-3765.9
-4489
1198.6
-3364.4
-2845.5
-1078
3731.3
-1073.6
-2759.6
2004
-3459.2
-2057.9
-1454.9
-1282.2
-1260.1
-5338.1
-1651.6
5047.8
1827.9
3844.5
46.835
2037.7
-4975.9
1670.5
-858.6
-3694.4
2038.6
315.83
-824.36
1759.4
1100.6
-3988.6
4835
596.57
-5031.1
1063.5
4765.1
1550.5
291.53
1411.6
510.07
2689.4
-4398.7
3545.7
-4530.6
-3627.5
2508.6
2898.4
1208.3
177.44
-2688.2
892.36
-5044.2
217.36
-1752
-1590.2
470.85
-2677.7
-5053.3
2785.1
-644.54
-3803.5
-4628.5
-3771.1
312.95
2857.3
-3827.3
2003.1
1373.5
734.84
5264.5
1633.3
-3698
1400.8
-904.54
210.59
-1463.3
-4074.6
-4946.6
4036.3
1181.3
-5033.9
-3047.5
1882.2
48.824
-5099.9
2745
2739.6
-4407.1
2426.6
-2913.8
4956.8
2278
-3303.4
1304.3
-5086.8
3505.7
-2979.3
-3580.1
-1869.7
2470.5
3055.3
-3467.9
-185.96
-2009.4
-2659.6
-1627.3
-5396.6
4242.6
3944.4
-1362.8
-3529.1
3853.4
3612.9
1288.6
-2629.7
-2340.2
4346.3
-5407.2
-4569.2
3356
739.44
3129.9
-2483.2
-1126.8
3901.7
3963.9
-3041.4
2760.9
4606.7
3360.8
3308.4
-5223.4
-299.35
3960.2
-1270
-4997.5
4548.6
-2825.8
2222.2
4927.7
5464.7
1759.3
1346
-115.33
3076.8
4411.1
1273.6
-2370.9
1674
3350.3
-2527.9
2452.9
4607
2069.7
-4712.9
-1808.7
-877.76
658.55
-4231.7
5288.8
-5249.7
-2805.1
-4010.9
3022
-1095.8
-3338.2
1022.7
-2847.3
2975.4
1183.1
-930.86
3769.1
2502.7
-160.81
-5316.3
3122.6
4541.3
4272.3
-166.19
-4501.8
-1807
-3021
1992.6
4354.6
-1103.8
-2094.1
5108.3
-44.088
-3384.9
-1217.8
-1653.3
-2760
5233.3
-4908.1
-3410
-1908.5
4880.8
4668.9
4171.8
-1568.3
3363.6
-754.74
4962.9
-2462.2
3596.4
892.94
5183.3
1844.1
-879.04
4085.4
3755.7
2215.4
961.55
5443.4
-2351.2
2972.7
2912.4
5106.9
-234.28
5275.5
-2629
2699.2
-1375.5
-2000.3
-3728.1
-606.48
-3309
-5285.7
-3295.8
2564
-2537.7
4998.5
-5226.2
-4791.8
-4483.4
-3176.9
-1160.2
5074.3
-4633.9
-1509.5
3150.3
4949.9
1420.4
1287
-1715.9
-5495.6
1402.9
2735.9
-3482.6
2375.9
1240.9
3219.4
-999.3
1361.9
-3490
-2688.3
4322
4977.2
-3715.3
1647.8
-4704.7
-5382.2
-2696.6
-1457
1659.2
-4578.7
-1478.2
-923.77
-373.93
359.6
3092
555.52
-3257.2
-3144.7
-4732.5
-3207.8
-1313.6
2755.8
-4318.9
-2727.4
-5061.6
-1238.1
-1847.5
-352.11
2483.6
-5247.8
-667.13
1297.8
-4960.1
2641
-4934.5
4151.3
-565
3890.9
74.616
-1513.5
3962
2546
4946.1
1225.3
2050.1
29.234
-5423
-4362.3
-4991.9
-1585.5
-1507.2
1952.2
-2855
-3247.9
3820.5
1726.8
4807.2
-1530
4003.2
3844.8
470.61
1126.8
3059.2
-528.5
1384.2
-5311.1
-3062.8
-646.45
-1495.5
-2186.4
-249.14
-2232.6
1299.4
1278.2
4097.5
-1482.2
4673.2
-833.71
2906.6
-505.24
2586.7
3112.4
-4390.5
-3734.3
653.77
4826.8
3632.8
-2939.9
217.62
-5195.6
3123.1
-914.95
1445.7
887.08
-55.978
-3224.7
-3810
2468.1
3414.6
4245.3
-1588.8
-3804
-2140.2
-2421.3
-3351.9
-1694.3
-481.24
-1319.8
-4749.2
2990.9
3395.9
-5370.7
-3193.3
3549.9
4720.6
425.1
4083.9
2190.2
-3302
328.86
5009
4095.4
342.12
2751.7
919.19
-88.001
-564.03
1680.2
2747.4
3347.8
-2485
2898.4
-1573
-5131.1
-862.95
2860.8
3736.1
-678.18
-4347.7
-103.92
4738.9
-4920.5
-2827.7
1963.5
1742.5
3920.8
-2603.3
-3455.7
3061.3
-990.26
2918.4
-4985.3
3094
3842.1
2934
2801.5
-1937.8
5248.2
-40.641
2893.1
-3268.9
-3760.4
3050.1
-1781.3
-4997.8
-4367.4
-1325.5
-2058.3
3088.7
-3586.7
2978.4
-3150.9
1614.1
65.038
-3772.7
3392.1
-3732.4
612.65
2090.2
1454.9
-117.23
1322.3
1685.3
-4188.8
4920.5
-3889.7
1806.3
-718.06
3765.2
-2293.7
1393.3
4008.7
3481.8
-4157.5
3730.4
4462
-4938
-3886.5
4153.1
4728.3
-2581.1
-368.86
2494.2
-4799.5
3618.6
2920.1
200.99
-2799.4
1215.3
-2915.8
-4231.6
-1222
2782.1
281.03
-4879.8
-4226
1371.5
-3700.2
2783
-1580.2
-4499.1
-844.58
-4426.5
1305.7
-844.82
-1881.9
3507.1
1700.2
700.84
-3897.7
3769.3
-2951.3
2006.7
-3946.9
1746.1
-3445.3
1251.2
1775.6
-4986.4
2401
-3897.6
3397.1
-2975.3
-2398.6
-1878.7
-4651.3
-1362.9
1316.5
1490.6
2692.3
952.35
5029.3
-1976
4462
5490.4
-2498.1
5445.1
-926.96
-2753.1
-1758.2
-520.04
12.695
3353.2
1301.9
-2366.8
-372.72
-228.35
-2692.5
-2572.1
-2722.3
-541.78
1727.7
-2656.5
2501.2
4799.3
296.38
-1007.7
-1566.9
-5472.2
-2424.2
942.24
2433.9
-1914.8
-2234.3
4672
-264.06
-1992.1
4153.5
-5451.8
3141.4
-4212.8
-4424.8
3823.2
-3344.1
3603
-1460.4
44.803
4013.7
-3618.8
1800
3542.9
4190.6
-4481.5
-1960.2
5023.7
-5208.9
-1926.3
-23.691
2735
155.26
90.682
2514.5
-496.18
-3860.1
-3680.2
-2649.1
-471.77
378.41
676.86
2502.4
1887.8
571.2
624.24
-519.61
-2890.6
-729.06
-2896.8
2237.5
-1170
-558.19
-4470.2
2130.5
1446.6
1578.8
-2808.6
-2845.6
3313.8
-5095.5
-1065.6
1187.9
-1661.9
-1260.8
605.27
1633.9
-4521.4
4839.5
-2630.6
3083.6
4251
-33.126
-1301.2
2395.6
-1802.5
-1345.2
5309.7
-548.49
2075.2
-1569.2
-3231.9
5032.5
2972.3
4491.5
1029.5
-2496.2
-2547.4
-3023.4
-4259.9
-222.24
3695.4
3375.2
-91.176
-648.43
5362.1
865.09
1026.9
3772.4
-4360
-1034.4
-5208.3
3779.9
-2798.1
-4289.1
-1700.8
-2463.7
-4953.1
3948.9
687.78
5069.7
-4184.8
3329.9
280.83
5394.4
-2292.6
447.82
-4719.8
4462.6
1890.5
-4472.9
3417.1
-4367.3
-1967.1
3735.6
1759.5
2648.8
-1274.4
3125.8
4415.6
1972.4
1806
-2834.4
-3693.5
799.94
5232.7
595.36
-2556.9
5392.9
-5090.8
-868.92
4677.4
-4835.6
-2350.3
-3857.4
-383.14
4185.4
472.59
1686.7
-1222.6
-1228.6
2652.2
4661.8
3632.8
2973.7
4304.7
-4049.1
-3854.6
549.42
3003
4484.4
-1091.2
-4448.2
-2008.7
1307.9
4169.3
981.37
-5259.3
-493.32
-4673.6
-2999.8
576.92
-3000.5
5398.5
5329.8
5368
-4038.1
2519.1
4671.9
-1326.6
2822.5
-1306.3
-3376.8
-2660.1
-5463.9
-1704.9
4754
-2633.4
-5310.3
2385.4
2387.2
-958.77
-3832.2
1467.8
1365.8
-1132.4
3281.9
-1293.8
-4137.4
2085.6
5462.2
606.61
-10.595
-3819.5
2446.2
608.41
1988.9
-1469.6
-4086.1
484.09
3778.6
-4813.6
-3810.6
-4960.9
-3153.8
-2332.2
1472
2579.3
-627.99
-947.61
299.38
-3173.1
-1598
568.44
2314.3
1617.9
2830.7
-3427.1
5403.4
4643.1
-3280.2
2674.8
3965
-3833.4
-3368.2
2509.9
1067.5
827.43
4212.3
-1458.5
-4660.8
-793.19
-4542.6
-1013.3
-5056.2
-468.35
2187.4
-3289.8
-5001.4
-832.65
4524.1
5082.8
-681.03
127.41
-663.45
257.27
-4895.4
-4415.7
-3042.6
-1864.4
3097.7
-759.12
-4405.4
-3464.4
-5075.3
3835
-3256.4
389.79
4556.1
4961.5
1297
3057.5
-4217.7
-4404.2
5257.9
835.15
-596.49
4384.4
1981.7
-3541.2
-4122.8
-380.15
231.59
4057.8
5326.5
-3597
4388.3
-3990.8
-5425.5
3572.9
-1661.6
1601.8
5235
4705.2
5474.9
4907.6
4069.6
4381.3
1110.9
152.95
2092.7
-3257.4
1439.4
-4083.2
3733.9
-3757.7
-2008.1
3966.7
-2612.8
-4115.2
3571.9
-4091
-3584.2
-143.3
4619.4
-4005.6
-3057.1
-2470.6
-3559.8
5354
2573.9
-2872.8
-5291.8
2342.2
-2246.8
94.765
4137.9
-2288.6
4129.9
2450.9
2660.2
2176
-1483
584.73
5032.6
-902.43
253.67
-3568.3
-34.916
800.87
-4073.3
-3155.7
2697.1
-2206.6
-1590.7
2499
-4608.3
-4578.8
4269
3817.5
-3248.2
2116.2
2726.3
-1892.8
3613.1
-4150.5
1902.6
5289.5
-1077.3
-1217.1
1047.4
5067.3
-2001.7
4598.1
5252.1
3357.1
680.64
2405.5
1946.9
-5032.5
-4045.8
1676.7
5254
4572
-4355.5
2579.8
-4311.2
-2400
-4292.7
4641.5
4448.4
-962.98
-844.5
-2368.8
3372
4412.6
3961.1
2396.8
-3569.1
-3777.8
-2928.1
1538.9
-2313.5
4749.9
4978.2
1595.4
-1097.2
-3706.5
-1716.2
-1697.3
1363.5
850.21
499.91
-325.56
4772.9
1635.7
-4474.5
4673.1
-503.28
-2378.4
5345.8
4338.4
-236.43
1801.2
3893.9
-345.34
-1936.2
4216.2
4993.1
4746.7
4982.3
78.876
3059.7
3834
1163.6
2435.5
4942.9
3031.6
4099.7
3282.6
5489.1
-2895.2
3819.6
-4149.1
-3494.4
3435.9
5343.9
-3022.1
2180.6
2958.6
5342.8
-1714.4
-4875.9
713.52
-2892.7
330.42
2217.9
1254.4
-4478.1
-5185.7
-4707.4
-3155.2
2255.3
-1526.6
-1563.8
-607.29
4016.3
-3044.1
-2171.7
2543
5227.7
-872.4
4508.2
-826.81
4963.3
-1194.2
5352.1
-4529.6
2964.6
-1616.2
-5463.6
-547.38
-351.27
3340.5
-4146.1
2039.8
1281.5
-5383.8
-1277.6
2357.3
2383.1
-1940.1
1926.9
-5186.8
2734.1
4952
-5319.3
-3151.3
2332.6
-2827.8
3216.1
-1397.5
5353.5
2590.1
-4739.5
-2613.3
-1494.5
-4376.6
-360.34
-4607.7
-5147.1
2866.8
-5331.5
1840.2
-2898.3
-422.3
-2040.5
4709.3
5382
-1452.4
-5178.1
-1675.8
-3892.9
911.81
-2171.2
-1057.2
-873.51
-2557.8
-3681
1265.8
5040.4
1239.2
207.68
-2791.8
1043.5
1685.2
-13.891
2348.5
-3493.2
3142
-2197.7
3495
-710.04
4549.6
-5424.4
-3987.9
-5043.4
1983.9
-3542.7
-3445.5
4742
-3670.2
-954.77
-1846.5
5461.2
4278.5
-725.83
5439.8
-1852.9
3004.7
-3257.5
-4784.7
2087.1
2386.1
2266.1
2263.8
1820.1
26.861
5064.8
673.41
-3751.7
-1982.9
-4807.7
1507.6
3809.5
2846
1623.8
2598.4
-5397.2
-1814.9
-4308.7
-1278.2
2878.7
2321
413.51
4723.3
-3069.1
-1780.5
1932.9
191.83
-1143.6
5409.3
778.82
3280.3
806.42
-508.99
724.57
2576.1
2893
1096.6
5078.1
2117.3
2976.7
-4634.8
-1933.3
-2793.9
1224.3
-2813.1
2369.6
-3576.8
3356
3245.1
-4429.2
-4836.9
4173.6
-696.45
1687.4
2520.2
4336.2
-4393.1
4051
-5264.7
4641
-108.14
-1135
4071.9
3958.9
468.24
-2540.2
4029.4
4962.3
4907.5
-4751.7
-2243.2
2587.1
3865.7
3283.5
249.35
3450.1
3618.2
-1789.8
-1761.8
316.22
2771.1
-1378.9
-1408.2
-5296.4
1895.7
-699.73
1816.3
-1996.1
-5210.5
1392
4823.6
4765.2
-2372
-5361.7
-1631.9
-1977.8
-1318.7
5335.8
-4679.1
-1801.5
4586.7
871.46
-2565.6
418.3
413.71
5105
4853.9
-4280.4
-3161.4
18.383
3075.7
208.81
2091.7
3040.5
-5209.1
-3318.8
4710.2
-5073.1
-1497.9
-2769.2
-2955.2
3373.9
5149.6
-4994.9
2381.7
-2828.7
3674
-4229.7
-1050
4889
-2994.4
4298.7
-3255.5
1059.2
-4776.8
-3592.1
874.92
1929.7
-5454.8
-1578.8
-2485.2
-2607.4
4675.1
-3068.3
-4176.3
-3626.4
4896.4
-3660.2
2824.5
3701.6
773.58
-266.78
4355.9
-4055.7
2745.5
-618.68
-703.76
-2717.1
398.24
-374.94
2128.4
4493
3118
3661.3
-87.474
864.26
-1514.2
4820.3
1537.9
2829.2
105.92
-2870.3
4626.8
-4801.1
-3584.9
-1575
-4894.6
1241
-498.72
-5090.6
-4997.2
-506.88
4697.4
-1570.3
838.84
906.7
4382
-3496.1
-5238.3
3338.9
3218.3
-3244.7
3850.5
-3137.4
405.74
3471.1
-786.19
3329.2
92.248
452.77
-1193
3143.5
-297.15
-4091.9
2583.2
677.93
4235.8
-894.95
2169.4
1022
-4061.3
-4773.8
2489.9
-5103.8
1717.8
-4756.2
-28.689
1892.2
1946
1528.1
5397.5
-4564.3
-1040.3
-1033.6
3716.8
-918.76
3209.8
3261.2
-5296.9
3712.7
4805.6
3989.5
-4843.5
-4779.4
-5136.1
1980.4
3870.9
-858.11
4637.5
5134.8
-4550.5
-3406.7
4508.9
4510.3
-1609.7
667.97
-2169.5
-5347.5
4752.9
-5248.3
-1123
2548.2
5315.7
1554.4
5305.7
-4326.2
4082.4
2921.5
-4111.2
4439.2
-100.23
2904.1
5061.2
-1610.6
-4656.1
-2598.6
-5094
-3572
-4195.4
2669.7
1486.1
-2826.6
2707.6
1879.4
-5468.5
744.75
1177
897.76
-4062.3
-4520.4
1239.7
2620.3
-511.87
-1532.9
1893.3
-1336.8
362.44
-2954.5
-3929.4
3829
4097.1
-1352.8
3022.2
-3321.3
-3167.5
4867.2
3990.6
-2975.6
3375.1
-2076.4
-896.76
4918.6
1673.6
-4061.8
350.04
1585.5
2108.9
-2180.6
2975
1233.9
-3841.9
2268.9
-3549
4449.4
4121.4
3870.1
4175
-2738.7
4982.4
-2190.3
510.86
-3335.5
-4508.4
-3441.6
1053
1542.2
-1354.9
-3116.5
-1766.9
-4527.5
3274.3
2324.9
-2243
-2472.3
3214.1
-4946.3
3986
-2095
432.55
-4831.6
4741.4
-4198.1
-2200
1718.4
3063.6
-233.98
541.06
-4844.2
-191.61
-1729.1
1156
1776.3
856.02
3050.5
-323.35
3760.4
2933
2899.5
-441.31
-2273.7
4686.3
-3902.7
4331.3
3863.1
4686
309.11
-3523.9
-3780.6
1249.4
2544.3
5213.7
4418.8
4115.2
3823.1
5058.7
-4673.4
5071.7
4755.1
-3978.8
-1017.6
-3028.2
-4384.8
2044.3
4305.4
-594.15
4235.3
3254.3
1321.9
-3893.3
-2797.5
-2638.5
1198.2
-2743.6
-5375.9
1579.6
-1262.1
4269.4
-1621.2
668.08
3869.6
4905.3
-4760.7
-3331
-2242.8
-3120.2
-1970.2
-4658.6
-3986.4
-5486
-18.396
-5313.5
3061.5
567.42
-1045.4
-2489.8
4207.1
-706.16
4191.3
-5434.5
-1025.4
-743.79
4240
5221.5
3536.7
-3388.8
2557.5
-1057.1
-914.8
429.58
-4719.2
1732.2
2196.8
-3905.6
-4268.9
3419
-1315.5
-4347.5
-3309.6
5361.2
-4911.3
-1561.1
-5180.7
-3450.1
5465.8
5053.5
-2634.8
4131.8
1437.4
-4476.8
2679.3
323.73
-370.73
959.81
-5307.6
-4893.5
-4714.9
-4585.3
5018.2
-3186.6
5169
-4658.4
-4996.7
4951.8
-666.09
-3140
-1937.6
-1588.6
-4570.7
3711.5
-4102.5
4314.4
2939.2
3260.7
94.528
2753.4
586.25
4948.5
-4818.2
2711
5244.1
5437.3
2573.7
-930.47
837.95
1308.3
3317.5
-2796.9
-3882.8
1767.2
-3282.8
1053.8
5114.5
2761.6
-2487.4
-2492.4
-2369.3
-717.63
-3292
3175.6
5378.8
5218.2
-5067.2
-1944.6
4113.9
-1102.2
-1120
4335.3
1759.9
3394
-5395
-4427.2
5035.8
1912.9
-535.1
-4532.8
3827.5
-3960.9
3608.3
-1975.9
4151.6
654.29
-1846.6
-4207.8
-1870.9
544.6
1244.3
-3711.1
2986
469.65
-2605.5
5405.6
-1862.6
3413.9
3311.2
3512.9
4568.8
1774.1
3999.7
-2588.6
436.83
2209.5
-2689.2
-1896.5
-2982
822.21
-2760.7
-1532.5
-1808.7
-3037.8
1339.8
-3859.2
-4523.5
581.54
-1099.8
-2511.7
4544
5337.5
-430.74
2355.8
5419.6
562.15
-2733.4
-135.3
-3950
3729.4
-2793.7
5424.2
-5179.1
1525.9
-2694
2802
-911.39
3943
1534.6
-164
1900.1
-4146.4
2017.2
4729.7
-3263
2082.3
-724.56
4656.8
-1209.8
5001.2
-1447.6
3304.3
4667.2
-3264.1
-5469.6
4625.2
3237.7
2325.6
-4821.9
-2785.1
2928.1
5385.2
-4130.4
4149.5
175.12
1491.6
1974
2955.5
-4598.1
-1956.7
-5254.4
4960.5
-23.404
1773.5
4320
1983.2
-4991.7
-2218.5
-357.31
3079.8
-791.21
1476.4
-957.43
-1963
1804.5
-1717.2
3813.6
-2237.9
3299.8
-1147.2
5410.7
-5339.6
1031.9
3047.5
-1163.8
115.39
607.93
-573.22
-3927.8
-1675
488.84
-2407.1
-3896.2
424.36
-2581.5
-4130
980.87
250.51
-5241.1
51.518
1242.7
-4513.8
321.35
4839.6
2616.7
-5111.5
-1995.5
-4609.2
-2719.9
-1230.8
-2605.7
-4876
-2284.7
-169.02
-3074.1
5449.7
3855.4
311.48
-1434.2
3413.6
-3159.6
-1247.9
-283.46
-5226.5
-2386.4
-5114.3
2672.4
4032.8
-5458.3
1456
-715.59
-469.89
1978.8
-710.85
4261.6
-1191.8
-4399.4
-4372.7
186.21
-5127.1
458.83
675.3
2777.2
2627
-4537.7
3415.1
-2048.1
2239.9
-4902.1
818.09
848.7
-4003.8
-947.79
2086.1
-2783.9
1833.3
4405.8
477.23
-5194.3
2554.7
4347.8
387.39
-2411.4
-5405.6
2397.9
1150.3
5264.7
-5029.4
4266.3
-3862.4
-3708.9
3866.1
991.22
-3096.6
-3486.1
-515.82
-1408.5
4254.5
470.52
-569
-302.05
1720.5
204.17
3433.3
-3473
-127.74
2905.9
2478.2
-1286.1
3760.3
-2396.1
1123.9
-403.38
2199.6
-222.77
2398.5
-3955.4
5493.5
-5071.8
4321.5
5301.4
1395.4
-56.748
-4798.7
1813.6
3938.8
-5252.8
-3311.3
-2473.9
199.65
-5322.4
4386.6
3789.8
-4514.4
2008.3
-3924.8
1983.5
2581.2
-4753.9
-3507.3
668.16
3434.4
-2237.7
3761.1
1187.3
1227.4
4029.8
-428.81
601.66
-3913.9
-3299
2185.1
-858.77
-3974.4
-1887
-4763.1
-2007.9
-1781
-877.58
4116.4
-1781.8
-2742
3846.9
-4684.8
-5331.5
2792.3
-3196.3
3939
-1671
-1923.9
-3064.7
-2016.2
-4710.5
-3467.9
-3778.8
-3490.1
-4719.4
1246
-333.59
3422
145.7
2730.4
-1479.8
-1595.3
2583.5
156.73
-4239.9
-271.31
-148.98
-664.6
-433.78
-1659.7
-5444.4
4120.5
-4731.1
4835.8
-1928.6
2396.1
395.36
-21.549
2593
3207.9
2458.4
-1788.6
2271.4
3537.5
3477.9
-3699.1
4500.3
-1603.9
2497.6
-2433.6
-4561.7
5150.8
2972
-2047.6
654.02
-601.46
143.67
2901.6
-3873.7
-2502.4
-5373.1
-419.17
-1366
295.3
-1843.9
-3859.6
-1885
3205.5
2012.2
227.26
-202.14
-1739.5
-2785.7
289.25
3787.6
2036.6
-5341.1
2745.1
5009
3436.3
-2706.9
909.26
5137
1340
1293.4
2140.3
-1333.3
77.278
-1077.1
46.472
-3968.4
-220.2
-4495.8
5449
2813.5
373.69
3558.5
1673.2
-3743.8
-1849.8
2318.5
166.55
3286.7
4596.2
4416.6
4880.5
560.86
-3959.8
1525.4
2189.7
1858.3
4685.4
2276.6
-2678
2591.8
-1157.7
2202.8
3691.4
5073.4
-1994
2809.5
-3930
3992.9
-4623.8
3816.8
3460.3
-1427.3
3417.4
2137.2
5390.7
2535.6
-4679.1
-1266.7
5202.1
-1695.2
2812.2
-1687.7
580.73
-3030.8
-7.643
-2356.2
214.64
890.54
4626.2
-2293.9
-5319.7
3616
-2170.1
4700.6
-634.79
4126.2
1051
4213
135.38
1534.7
-1883.1
2498.6
1170.7
-3971.9
2425.2
2506.8
1510.5
-972
4232.2
-465.03
567.32
-4854
3020
1939.8
-497.86
4799.7
2566.6
1039.8
1300.5
-5309.5
-4898.3
2520
